# AIMP for closed-shell spherically symmetric sytem
# Nuclear charge - effective charge
ATOM
10.00	10.00
# Input Occupied orbitals
ORBITALS
1
# l	nl	nn
0	14	2
+1.6617e+05  	+2.3108e+04  	+5.0602e+03  	+1.3846e+03  	+4.3651e+02  	+1.5347e+02  	+5.9389e+01  	+2.4862e+01  	+1.1016e+01  	+4.9652e+00  	+1.9365e+00  	+7.6573e-01  	+2.9554e-01  	+1.0344e-01  	
-32.77250	-1.93040	
+4.720000024846e-05	-1.109999974946e-05	
+4.006700021091e-04	-9.419999787379e-05	
+2.193210011545e-03	-5.179999883081e-04	
+9.587560050469e-03	-2.266499948842e-03	
+3.507343018463e-02	-8.459299809063e-03	
+1.046517005509e-01	-2.604859941205e-02	
+2.377123412513e-01	-6.535969852475e-02	
+3.696061119456e-01	-1.222656972403e-01	
+3.061608916116e-01	-1.585709964209e-01	
+8.419854044322e-02	-6.028699863925e-03	
+3.703450019495e-03	+3.828956613576e-01	
+9.653500050816e-04	+5.388649178371e-01	
+5.404000028447e-05	+2.114487052273e-01	
+2.679000014102e-05	+2.804899936690e-03	
# l	nl	nn
1	9	1
+2.3494e+02  	+5.5077e+01  	+1.7390e+01  	+6.3895e+00  	+2.5421e+00  	+1.0338e+00  	+4.1879e-01  	+1.6463e-01  	+5.7619e-02  	
-0.85044	
+1.582610003538e-03	
+1.257669002811e-02	
+5.698653012739e-02	
+1.681230103758e-01	
+3.073859506872e-01	
+3.583111508010e-01	
+2.786937606230e-01	
+9.521109021284e-02	
+2.101990004699e-03	
#-----------------------------------------
# Density matrix from input occupied orbitals
DENSITY
1
# l	nl
0	14
+1.6617e+05  	+2.3108e+04  	+5.0602e+03  	+1.3846e+03  	+4.3651e+02  	+1.5347e+02  	+5.9389e+01  	+2.4862e+01  	+1.1016e+01  	+4.9652e+00  	+1.9365e+00  	+7.6573e-01  	+2.9554e-01  	+1.0344e-01  	
+4.702100e-09	+3.991449e-08	+2.185386e-07	+9.553820e-07	+3.498728e-06	+1.045740e-05	+2.389103e-05	+3.760512e-05	+3.242186e-05	+8.082179e-06	-8.150678e-06	-1.187167e-05	-4.689060e-06	-5.973980e-08	
+3.991449e-08	+3.388202e-07	+1.855098e-06	+8.109904e-06	+2.969947e-05	+8.876915e-05	+2.028022e-04	+3.192150e-04	+2.752137e-04	+6.860747e-05	-6.916982e-05	-1.007486e-04	-3.979363e-05	-5.069752e-07	
+2.185386e-07	+1.855098e-06	+1.015699e-05	+4.440316e-05	+1.626106e-04	+4.860327e-04	+1.110419e-03	+1.747915e-03	+1.507230e-03	+3.755759e-04	-3.804350e-04	-5.540296e-04	-2.188238e-04	-2.788364e-06	
+9.553820e-07	+8.109904e-06	+4.440316e-05	+1.941167e-04	+7.108832e-04	+2.124787e-03	+4.854438e-03	+7.641472e-03	+6.589474e-03	+1.641845e-03	-1.664652e-03	-2.424164e-03	-9.574607e-04	-1.220091e-05	
+3.498728e-06	+2.969947e-05	+1.626106e-04	+7.108832e-04	+2.603411e-03	+7.781694e-03	+1.778057e-02	+2.799527e-02	+2.415902e-02	+6.008260e-03	-6.218273e-03	-9.049124e-03	-3.573625e-03	-4.557574e-05	
+1.045740e-05	+8.876915e-05	+4.860327e-04	+2.124787e-03	+7.781694e-03	+2.326102e-02	+5.315906e-02	+8.372952e-02	+7.234162e-02	+1.793712e-02	-1.917265e-02	-2.787130e-02	-1.100457e-02	-1.405202e-04	
+2.389103e-05	+2.028022e-04	+1.110419e-03	+4.854438e-03	+1.778057e-02	+5.315906e-02	+1.215581e-01	+1.917024e-01	+1.662847e-01	+4.081813e-02	-4.829118e-02	-6.998115e-02	-2.761476e-02	-3.539182e-04	
+3.760512e-05	+3.192150e-04	+1.747915e-03	+7.641472e-03	+2.799527e-02	+8.372952e-02	+1.917024e-01	+3.031152e-01	+2.650935e-01	+6.371480e-02	-9.089237e-02	-1.310558e-01	-5.166590e-02	-6.660826e-04	
+3.242186e-05	+2.752137e-04	+1.507230e-03	+6.589474e-03	+2.415902e-02	+7.234162e-02	+1.662847e-01	+2.650935e-01	+2.377585e-01	+5.346855e-02	-1.191646e-01	-1.703056e-01	-6.702617e-02	-8.731475e-04	
+8.082179e-06	+6.860747e-05	+3.755759e-04	+1.641845e-03	+6.008260e-03	+1.793712e-02	+4.081813e-02	+6.371480e-02	+5.346855e-02	+1.425148e-02	-3.993076e-03	-6.334748e-03	-2.540421e-03	-2.930844e-05	
-8.150678e-06	-6.916982e-05	-3.804350e-04	-1.664652e-03	-6.218273e-03	-1.917265e-02	-4.829118e-02	-9.089237e-02	-1.191646e-01	-3.993076e-03	+2.932456e-01	+4.126652e-01	+1.619260e-01	+2.148166e-03	
-1.187167e-05	-1.007486e-04	-5.540296e-04	-2.424164e-03	-9.049124e-03	-2.787130e-02	-6.998115e-02	-1.310558e-01	-1.703056e-01	-6.334748e-03	+4.126652e-01	+5.807527e-01	+2.278847e-01	+3.022976e-03	
-4.689060e-06	-3.979363e-05	-2.188238e-04	-9.574607e-04	-3.573625e-03	-1.100457e-02	-2.761476e-02	-5.166590e-02	-6.702617e-02	-2.540421e-03	+1.619260e-01	+2.278847e-01	+8.942112e-02	+1.186188e-03	
-5.973980e-08	-5.069752e-07	-2.788364e-06	-1.220091e-05	-4.557574e-05	-1.405202e-04	-3.539182e-04	-6.660826e-04	-8.731475e-04	-2.930844e-05	+2.148166e-03	+3.022976e-03	+1.186188e-03	+1.573636e-05	
# l	nl
1	9
+2.3494e+02  	+5.5077e+01  	+1.7390e+01  	+6.3895e+00  	+2.5421e+00  	+1.0338e+00  	+4.1879e-01  	+1.6463e-01  	+5.7619e-02  	
+5.009309e-06	+3.980799e-05	+1.803749e-04	+5.321463e-04	+9.729442e-04	+1.134134e-03	+8.821271e-04	+3.013640e-04	+6.653261e-06	
+3.980799e-05	+3.163463e-04	+1.433404e-03	+4.228862e-03	+7.731796e-03	+9.012737e-03	+7.010090e-03	+2.394881e-03	+5.287215e-05	
+1.803749e-04	+1.433404e-03	+6.494929e-03	+1.916149e-02	+3.503372e-02	+4.083782e-02	+3.176358e-02	+1.085150e-02	+2.395702e-04	
+5.321463e-04	+4.228862e-03	+1.916149e-02	+5.653069e-02	+1.033573e-01	+1.204807e-01	+9.370967e-02	+3.201435e-02	+7.067858e-04	
+9.729442e-04	+7.731796e-03	+3.503372e-02	+1.033573e-01	+1.889722e-01	+2.202796e-01	+1.713331e-01	+5.853310e-02	+1.292244e-03	
+1.134134e-03	+9.012737e-03	+4.083782e-02	+1.204807e-01	+2.202796e-01	+2.567738e-01	+1.997182e-01	+6.823039e-02	+1.506333e-03	
+8.821271e-04	+7.010090e-03	+3.176358e-02	+9.370967e-02	+1.713331e-01	+1.997182e-01	+1.553404e-01	+5.306947e-02	+1.171623e-03	
+3.013640e-04	+2.394881e-03	+1.085150e-02	+3.201435e-02	+5.853310e-02	+6.823039e-02	+5.306947e-02	+1.813030e-02	+4.002655e-04	
+6.653261e-06	+5.287215e-05	+2.395702e-04	+7.067858e-04	+1.292244e-03	+1.506333e-03	+1.171623e-03	+4.002655e-04	+8.836724e-06	
#-----------------------------------------
# ---------------- vpauli - Ep=+80.00 a.u.:
EPAULI
+8.000000e+01
#-----------------------------------------
VEXCHANGE
# largest angular momentum for extraction
3
# lambda	nlambda
0	10
+2.4350e+04           +3.6500e+03           +8.2960e+02           +2.3400e+02           +7.5610e+01           +2.6730e+01           +9.9270e+00           +2.8360e+00           +1.1020e+00           +3.7820e-01           
+7.4896801542560e-02  -8.6903479782310e-02  +7.4332482666865e-02  -3.1193842338425e-02  -1.0304409497787e-04  +1.3470725124572e-02  -7.6746598815813e-03  +6.5027349316150e-03  -5.3661648469287e-03  +1.7664838930191e-03  
-8.6903479782304e-02  +4.9752784543619e-01  -4.8037196007704e-01  +2.9960162672119e-01  -7.2868540842022e-02  +1.8635246960993e-02  +5.2768468645035e-03  -1.3224148767993e-02  +1.3576610630273e-02  -5.3696521641209e-03  
+7.4332482666843e-02  -4.8037196007702e-01  +1.8292966416357e+00  -1.3812552486834e+00  +7.7903667805925e-01  -2.4565555282100e-01  +1.4849333687140e-01  -3.3249676046945e-02  -8.8692696512322e-03  +4.9651230467778e-03  
-3.1193842338318e-02  +2.9960162672096e-01  -1.3812552486829e+00  +4.1728263288625e+00  -2.3527562018986e+00  +1.5539835004989e+00  -6.0026527935334e-01  +2.1298986072037e-01  -7.5627213157879e-02  +4.6427443955119e-03  
-1.0304409513688e-04  -7.2868540841577e-02  +7.7903667805829e-01  -2.3527562018980e+00  +6.1242833028113e+00  -2.7069510302061e+00  +1.8729609646246e+00  -6.8078302021408e-01  +1.7395572999606e-01  -4.3460656466483e-02  
+1.3470725124813e-02  +1.8635246960321e-02  -2.4565555281969e-01  +1.5539835004979e+00  -2.7069510302063e+00  +5.9908957816382e+00  -2.7659379413319e+00  +1.1144721361793e+00  -4.8250849854775e-01  +3.9098268031291e-02  
-7.6746598817298e-03  +5.2768468649468e-03  +1.4849333687056e-01  -6.0026527935312e-01  +1.8729609646248e+00  -2.7659379413317e+00  +3.7366189873651e+00  -2.1440545153051e+00  +5.6588229333728e-01  -1.4599762034651e-01  
+6.5027349317117e-03  -1.3224148768273e-02  -3.3249676046757e-02  +2.1298986072026e-01  -6.8078302021417e-01  +1.1144721361790e+00  -2.1440545153054e+00  +3.3303391982979e+00  -1.4389145603191e+00  +3.0387854770751e-01  
-5.3661648469833e-03  +1.3576610630410e-02  -8.8692696514268e-03  -7.5627213157783e-02  +1.7395572999622e-01  -4.8250849854753e-01  +5.6588229333687e-01  -1.4389145603188e+00  +2.2135582278752e+00  -2.5203294704622e-01  
+1.7664838930339e-03  -5.3696521641652e-03  +4.9651230467926e-03  +4.6427443955346e-03  -4.3460656466436e-02  +3.9098268031331e-02  -1.4599762034643e-01  +3.0387854770737e-01  -2.5203294704619e-01  +3.1785917730467e-01  
# lambda	nlambda
1	6
+2.0000e+02           +5.4700e+01           +1.2430e+01           +3.6790e+00           +1.1430e+00           +3.3000e-01           
+1.1838309558864e+00  -3.1516999371170e-01  +1.1064872982622e-01  -4.5833377862214e-02  +1.0857194267919e-02  -1.8248140249689e-03  
-3.1516999371170e-01  +1.2301674558973e+00  -2.2997151450887e-01  +1.1198000286684e-01  -1.2943531288217e-02  +3.8796430683424e-03  
+1.1064872982622e-01  -2.2997151450887e-01  +8.0403988767079e-01  -3.2268135801714e-01  +1.1673199098253e-01  +2.2471689362186e-03  
-4.5833377862215e-02  +1.1198000286684e-01  -3.2268135801714e-01  +1.1196985936884e+00  -8.0332185798662e-02  +8.0075702131088e-02  
+1.0857194267918e-02  -1.2943531288214e-02  +1.1673199098253e-01  -8.0332185798652e-02  +6.9659252428601e-01  -3.4018532544988e-03  
-1.8248140249682e-03  +3.8796430683397e-03  +2.2471689362247e-03  +8.0075702131081e-02  -3.4018532544979e-03  +9.5910090547101e-02  
# lambda	nlambda
2	2
+4.0140e+00           +1.0960e+00           
+4.6019693900502e-01  -3.9365256415656e-02  
-3.9365256415656e-02  +2.1758479505496e-01  
# lambda	nlambda
3	1
+2.5440e+00           
+2.1698385208908e-01  
#-----------------------------------------
V1POLARISATION
#  local dipole polarisation extracted from fit with 3 contributions
#  input file for dipole polarisation fit
vdpol_Ne.dat
#  alpha = +1.658 corrected to 2.669
2.669
2
0        0.00000        +1.000000               //line 0 is 0 0.0 1.0 --- mandatory
0        0.22936        -1.000000
2        4.06715        -0.229365
#-----------------------------------------
V1PSCALEX
#  dipole polarisation exchange term - cation + electron
#  input file for extracted potential --- 0 = no such interaction
vdscalex_Ne.dat
#-----------------------------------------
V2POLARISATION
#  local quadrupole polarisation extracted from fit with 3 contributions
#  dynamical dipole correction with same radial dependence as quadrupole
vqpol_Ne.dat
#  alpha = 5.46 corrected to 7.518
7.518
1.226
4
0        0.00000        +1.000000               //line 0 is 0 0.0 1.0 --- mandatory
0        0.10373        -0.992240
0        7.91044        -0.007760
2        1.80830        -0.10292704
2        0.75466        -0.061385014
#-----------------------------------------
VCORRELATION
# Data obtained without beta2 contribution
# largest angular momentum for extraction
2
#S-wave
0       5
26.73000000     9.92700000      2.83600000      1.10200000      0.37820000
+5.3162224e+00  -2.8088214e-01  +1.2649747e-01  -7.0628882e-01  -9.3070535e-01
-2.8088214e-01  +3.6340649e+00  -1.1254015e-01  +1.6207430e-01  +3.8276827e-01
+1.2649747e-01  -1.1254015e-01  +2.9120960e-01  +1.5304956e-01  +1.3277852e-01
-7.0628882e-01  +1.6207430e-01  +1.5304956e-01  +1.1647744e+00  +1.1950225e-02
-9.3070535e-01  +3.8276827e-01  +1.3277852e-01  +1.1950225e-02  -1.7866355e-01
#P-wave 
1       4
12.43000000     3.67900000      1.14300000      0.33000000
+1.1943654e-01  -1.4857817e-01  -4.0237479e-01  -2.1121060e-02
-1.4857817e-01  +9.6744175e-02  -3.0645659e-02  +7.4520101e-03
-4.0237479e-01  -3.0645659e-02  +6.0032067e-01  -5.0399740e-02
-2.1121060e-02  +7.4520101e-03  -5.0399740e-02  +1.1205164e-02
#D-wave 
2   4
4.32880000      1.77420000      0.72719000      0.29805000
+2.4365971e+00  -3.3734680e-01  -1.2143785e-01  -1.5395578e-01
-3.3734680e-01  +2.2480258e-01  -3.7513584e-02  -4.1747284e-03
-1.2143785e-01  -3.7513584e-02  +2.7107247e-02  +2.2039432e-02
-1.5395578e-01  -4.1747284e-03  +2.2039432e-02  +3.3881836e-03
#-----------------------------------------