# AIMP for closed-shell spherically symmetric sytem
# Nuclear charge - effective charge - Core largest angular momentum
ATOM
2.00	2.00	0
# Density matrix from input occupied orbitals
DENSITY
6
# i	l	exp.
1	0	2.340000e+02
2	0	3.516000e+01
3	0	7.989000e+00
4	0	2.212000e+00
5	0	6.669000e-01
6	0	2.089000e-01
# ---------------- density matrix:
# l	nl
0	6
+1.338514e-05	+1.010638e-04	+4.708238e-04	+1.407587e-03	+2.473509e-03	+1.592232e-03	
+1.010638e-04	+7.630763e-04	+3.554929e-03	+1.062791e-02	+1.867609e-02	+1.202206e-02	
+4.708238e-04	+3.554929e-03	+1.656128e-02	+4.951202e-02	+8.700594e-02	+5.600691e-02	
+1.407587e-03	+1.062791e-02	+4.951202e-02	+1.480224e-01	+2.601152e-01	+1.674397e-01	
+2.473509e-03	+1.867609e-02	+8.700594e-02	+2.601152e-01	+4.570924e-01	+2.942366e-01	
+1.592232e-03	+1.202206e-02	+5.600691e-02	+1.674397e-01	+2.942366e-01	+1.894042e-01	
#-----------------------------------------
# ---------------- vpauli - Ep=+30.00 a.u.:
EPAULI
+3.000000e+01
#-----------------------------------------
# extraction shell radial functions
VEXCHANGE
15
# lambda	exp.
0	2.340000e+02
0	3.516000e+01
0	7.989000e+00
0	2.212000e+00
0	6.669000e-01
0	2.089000e-01
1	2.340000e+02
1	3.516000e+01
1	7.989000e+00
1	2.212000e+00
1	6.669000e-01
1	2.089000e-01
2	1.965000e+00
2	4.592000e-01
3	1.000000e+00
# ---------------- tvv2ex
# lambda	nlambda
0	6
+3.5773754194050e-02  -2.6804469805075e-02  +1.3923039857384e-02  +3.2182542445424e-03  -3.4961323823437e-03  +2.1728181445206e-03  
-2.6804469805075e-02  +1.8648822836690e-01  -9.9499931114230e-02  +4.5032607056958e-02  +8.8137869962637e-03  -4.8388716740733e-04  
+1.3923039857383e-02  -9.9499931114225e-02  +4.8545869359363e-01  -1.3733322705431e-01  +8.5821464655889e-02  -1.0032794711470e-03  
+3.2182542445433e-03  +4.5032607056951e-02  -1.3733322705430e-01  +6.6356848929830e-01  -3.9605571209195e-02  +5.7458993071299e-02  
-3.4961323823453e-03  +8.8137869962696e-03  +8.5821464655894e-02  -3.9605571209214e-02  +4.0910802038408e-01  +1.0573685273254e-03  
+2.1728181445213e-03  -4.8388716741121e-04  -1.0032794711425e-03  +5.7458993071289e-02  +1.0573685273201e-03  +4.8119079182736e-02  
# lambda	nlambda
1	6
+7.4018057934337e-02  +2.6816023909328e-02  +2.8358952828564e-01  +2.7037477550700e-01  +2.1380102129115e-01  +1.3097683774452e-01  
+2.6816023909328e-02  +6.1272997652327e-01  +4.0012668519836e-01  +1.0496995648990e+00  +6.1665219312217e-01  +4.0300172236205e-01  
+2.8358952828563e-01  +4.0012668519836e-01  +2.2383452365495e+00  +1.3402899577891e+00  +1.6112967169013e+00  +8.1448210647165e-01  
+2.7037477550700e-01  +1.0496995648990e+00  +1.3402899577891e+00  +3.4638733780890e+00  +1.4653905704430e+00  +1.2935813041661e+00  
+2.1380102129115e-01  +6.1665219312217e-01  +1.6112967169013e+00  +1.4653905704430e+00  +1.9130484705620e+00  +7.1151111721924e-01  
+1.3097683774452e-01  +4.0300172236205e-01  +8.1448210647165e-01  +1.2935813041661e+00  +7.1151111721925e-01  +5.6008457422702e-01  
# lambda	nlambda
2	2
+1.0670432744865e-01  -3.1627352616731e-02  
-3.1627352616731e-02  +2.6416732514205e-02  
# lambda	nlambda
3	1
+2.2703920211585e-02  
