# AIMP for closed-shell spherically symmetric sytem
# Nuclear charge - effective charge
ATOM
3.00	2.00
# Density matrix from input occupied orbitals
DENSITY
0
# l	nl
0	9
+1.4690e+03  	+2.2050e+02  	+5.0260e+01  	+1.4240e+01  	+4.5810e+00  	+1.5800e+00  	+5.6400e-01  	+7.3450e-02  	+2.8050e-02  	
+1.173513e-06	+9.026555e-06	+4.545603e-05	+1.672640e-04	+4.332333e-04	+6.941853e-04	+4.209543e-04	+1.493855e-05	-4.871766e-06	
+9.026555e-06	+6.943141e-05	+3.496435e-04	+1.286579e-03	+3.332390e-03	+5.339608e-03	+3.237941e-03	+1.149059e-04	-3.747316e-05	
+4.545603e-05	+3.496435e-04	+1.760739e-03	+6.478967e-03	+1.678128e-02	+2.688926e-02	+1.630566e-02	+5.786445e-04	-1.887078e-04	
+1.672640e-04	+1.286579e-03	+6.478967e-03	+2.384057e-02	+6.174988e-02	+9.894406e-02	+5.999972e-02	+2.129231e-03	-6.943856e-04	
+4.332333e-04	+3.332390e-03	+1.678128e-02	+6.174988e-02	+1.599394e-01	+2.562767e-01	+1.554063e-01	+5.514958e-03	-1.798540e-03	
+6.941853e-04	+5.339608e-03	+2.688926e-02	+9.894406e-02	+2.562767e-01	+4.106414e-01	+2.490131e-01	+8.836815e-03	-2.881866e-03	
+4.209543e-04	+3.237941e-03	+1.630566e-02	+5.999972e-02	+1.554063e-01	+2.490131e-01	+1.510017e-01	+5.358649e-03	-1.747565e-03	
+1.493855e-05	+1.149059e-04	+5.786445e-04	+2.129231e-03	+5.514958e-03	+8.836815e-03	+5.358649e-03	+1.901642e-04	-6.201643e-05	
-4.871766e-06	-3.747316e-05	-1.887078e-04	-6.943856e-04	-1.798540e-03	-2.881866e-03	-1.747565e-03	-6.201643e-05	+2.022482e-05	
#-----------------------------------------
# ---------------- vpauli - Ep=+30.00 a.u.:
EPAULI
+3.000000e+01
#-----------------------------------------
VEXCHANGE
# largest angular momentum for extraction
2
# lambda	nlambda
0	9
+1.4690e+03           +2.2050e+02           +5.0260e+01           +1.4240e+01           +4.5810e+00           +1.5800e+00           +5.6400e-01           +7.3450e-02           +2.8050e-02           
+2.5766680518074e-02  -2.7182951678476e-02  +2.0600471903618e-02  -5.2222180883808e-03  -3.2204184555934e-03  +5.8535997073829e-03  -2.3988323683969e-03  +7.0357376269880e-04  -3.5073768242465e-04  
-2.7182951678477e-02  +1.6160993092876e-01  -1.3862619013929e-01  +7.5964650975617e-02  -4.7939966239455e-03  -5.0893203644255e-03  +5.8518668157511e-03  -1.4924861109706e-03  +7.4867521675327e-04  
+2.0600471903619e-02  -1.3862619013928e-01  +5.4801608414749e-01  -3.4675589318739e-01  +1.7021420093749e-01  -1.5491192056286e-02  +9.8507581401393e-03  -1.2210315136576e-03  +6.0434703356199e-04  
-5.2222180883760e-03  +7.5964650975613e-02  -3.4675589318736e-01  +1.0925964191227e+00  -4.3264654838861e-01  +2.4318688898117e-01  -3.7973001750495e-02  +1.3020005397454e-02  -6.4008939788899e-03  
-3.2204184555952e-03  -4.7939966239387e-03  +1.7021420093750e-01  -4.3264654838854e-01  +1.2447395832166e+00  -2.2638428536620e-01  +1.4802021637696e-01  -2.7685558531265e-02  +1.3791787078864e-02  
+5.8535997073730e-03  -5.0893203644105e-03  -1.5491192056306e-02  +2.4318688898117e-01  -2.2638428536618e-01  +6.8387093402180e-01  -5.8777997440906e-02  +2.8918208896288e-02  -1.4126667420843e-02  
-2.3988323683943e-03  +5.8518668157496e-03  +9.8507581401330e-03  -3.7973001750509e-02  +1.4802021637690e-01  -5.8777997440965e-02  +9.1025806549475e-02  -1.3072761656470e-02  +6.5412564445693e-03  
+7.0357376269936e-04  -1.4924861109757e-03  -1.2210315136415e-03  +1.3020005397392e-02  -2.7685558531257e-02  +2.8918208896268e-02  -1.3072761656457e-02  +3.3833869028154e-03  -1.6662584992576e-03  
-3.5073768242526e-04  +7.4867521675799e-04  +6.0434703355034e-04  -6.4008939788596e-03  +1.3791787078851e-02  -1.4126667420828e-02  +6.5412564445615e-03  -1.6662584992516e-03  +8.2160984206653e-04  
# lambda	nlambda
1	4
+1.5340e+00           +2.7490e-01           +7.3620e-02           +2.4030e-02           
+2.2835849033110e-01  -5.6802821669084e-02  +3.1053752681408e-02  -1.2110291932034e-02  
-5.6802821669084e-02  +2.4380706591099e-02  -1.2772115819239e-02  +4.9581764982162e-03  
+3.1053752681408e-02  -1.2772115819239e-02  +6.7582748699818e-03  -2.6263588276318e-03  
-1.2110291932034e-02  +4.9581764982162e-03  -2.6263588276318e-03  +1.0207947878447e-03  
# lambda	nlambda
2	1
+1.2390e-01           
+3.2354485502310e-04  
