# AIMP for closed-shell spherically symmetric sytem
# Nuclear charge - effective charge - Core largest angular momentum
ATOM
2.00	2.00
# Density matrix from input occupied orbitals
DENSITY
0
# l	nl
0	6
+1.338514e-05	+1.010638e-04	+4.708238e-04	+1.407587e-03	+2.473509e-03	+1.592232e-03	
+1.010638e-04	+7.630763e-04	+3.554929e-03	+1.062791e-02	+1.867609e-02	+1.202206e-02	
+4.708238e-04	+3.554929e-03	+1.656128e-02	+4.951202e-02	+8.700594e-02	+5.600691e-02	
+1.407587e-03	+1.062791e-02	+4.951202e-02	+1.480224e-01	+2.601152e-01	+1.674397e-01	
+2.473509e-03	+1.867609e-02	+8.700594e-02	+2.601152e-01	+4.570924e-01	+2.942366e-01	
+1.592232e-03	+1.202206e-02	+5.600691e-02	+1.674397e-01	+2.942366e-01	+1.894042e-01	
#-----------------------------------------
# ---------------- vpauli - Ep=+30.00 a.u.:
EPAULI
+3.000000e+01
#-----------------------------------------
VEXCHANGE
# largest angular momentum for extraction
3
# lambda	nlambda
0	7
2.340000e+02    3.516000e+01    7.989000e+00    2.212000e+00    6.669000e-01    2.089000e-01    5.138000e-02
+3.5750876669220e-02  -2.6741714832069e-02  +1.3816775773188e-02  +3.4063364864286e-03  -4.0123253023384e-03  +3.0406049570317e-03  -7.6114317115240e-04  
-2.6741714832068e-02  +1.8637509705772e-01  -9.9535199550566e-02  +4.5431127998172e-02  +8.6889849350672e-03  -1.0488533721855e-03  +8.0809220221163e-04  
+1.3816775773188e-02  -9.9535199550570e-02  +4.8677446719048e-01  -1.4152314891608e-01  +9.1955431271715e-02  -7.0251225286258e-03  +3.5511013468060e-03  
+3.4063364864304e-03  +4.5431127998173e-02  -1.4152314891606e-01  +6.7619269424960e-01  -5.9237837652113e-02  +7.8457270781028e-02  -1.3574331747722e-02  
-4.0123253023430e-03  +8.6889849350678e-03  +9.1955431271693e-02  -5.9237837652119e-02  +4.3769002388201e-01  -2.6763440680341e-02  +1.6241099393385e-02  
+3.0406049570344e-03  -1.0488533721865e-03  -7.0251225286158e-03  +7.8457270781007e-02  -2.6763440680322e-02  +7.1053807410379e-02  -1.0500594878065e-02  
-7.6114317115332e-04  +8.0809220221066e-04  +3.5511013468023e-03  -1.3574331747712e-02  +1.6241099393379e-02  -1.0500594878072e-02  +2.4316675497539e-03  
# lambda	nlambda
1	7
2.340000e+02    3.516000e+01    7.989000e+00    2.212000e+00    6.669000e-01    2.089000e-01    5.138000e-02
+1.9044513038696e-02  -9.1895631901961e-03  +2.3395145715059e-03  +1.5812393982656e-03  -1.7629295108106e-03  +8.4591109099517e-04  -2.3445244095564e-04  
-9.1895631901960e-03  +8.2361256207607e-02  -3.1178127286772e-02  +5.3802837355103e-03  +2.4465477127429e-03  -1.4123595498638e-03  +4.0184877537886e-04  
+2.3395145715058e-03  -3.1178127286771e-02  +1.8057698974179e-01  -4.6788985242264e-02  +1.2248564770071e-02  -2.8851482891931e-03  +7.6617063211088e-04  
+1.5812393982656e-03  +5.3802837355101e-03  -4.6788985242264e-02  +1.9948794847454e-01  -3.5378210127641e-02  +1.4263925306835e-02  -3.6159656229600e-03  
-1.7629295108107e-03  +2.4465477127433e-03  +1.2248564770070e-02  -3.5378210127641e-02  +9.3139879831033e-02  -1.7316790012040e-02  +4.8499682393327e-03  
+8.4591109099522e-04  -1.4123595498640e-03  -2.8851482891929e-03  +1.4263925306835e-02  -1.7316790012041e-02  +1.2798206910677e-02  -2.7095885753257e-03  
-2.3445244095565e-04  +4.0184877537891e-04  +7.6617063211074e-04  -3.6159656229599e-03  +4.8499682393328e-03  -2.7095885753257e-03  +6.6754130130821e-04  
# lambda	nlambda
2	2
1.965000e+00    4.592000e-01
+8.4493421674239e-02  -9.0172227456827e-03  
-9.0172227456827e-03  +1.6429847107501e-02  
# lambda	nlambda
3	1
1.000000e+00
+2.2703920211585e-02  
