# AIMP for closed-shell spherically symmetric sytem
# Nuclear charge - effective charge
ATOM
18.00	18.00
# Input Occupied orbitals
ORBITALS
1
# l	nl	nn
0	17	3
+4.5548e+05  	+6.4818e+04  	+1.9257e+04  	+6.8770e+03  	+2.6435e+03  	+1.0542e+03  	+4.2937e+02  	+1.7719e+02  	+7.3764e+01  	+3.0897e+01  	+1.2999e+01  	+5.4877e+00  	+2.3226e+00  	+9.8498e-01  	+4.1840e-01  	+1.7796e-01  	+7.1184e-02  	
-119.08760	-12.40890	-1.28636	
+3.198547733693e-04	+9.152140445065e-05	-2.861818486009e-05	
+1.011617868898e-03	+2.898450611089e-04	-9.054846903229e-05	
+2.170209038995e-03	+6.235437685076e-04	-1.955089143206e-04	
+5.962915596487e-03	+1.718920930393e-03	-5.357313667317e-04	
+1.590802688596e-02	+4.630755984282e-03	-1.457271254805e-03	
+4.404666367490e-02	+1.305538649195e-02	-4.073926678813e-03	
+1.144595830497e-01	+3.553550505786e-02	-1.126251151104e-02	
+2.546269321794e-01	+8.755971684366e-02	-2.770523816009e-02	
+3.984714195391e-01	+1.747125936093e-01	-5.755917303319e-02	
+2.789517405494e-01	+1.857669123393e-01	-6.247060239720e-02	
+3.834438853791e-02	-1.368127008895e-01	+4.814695504816e-02	
+3.120859694793e-03	-6.345546609375e-01	+3.263692053011e-01	
-1.384382460497e-03	-3.821192322085e-01	+3.447086748911e-01	
+1.002306848798e-03	-5.035620314880e-03	-3.344915528311e-01	
-6.431171213186e-04	-1.176190305895e-02	-6.640146226321e-01	
+2.815478403494e-04	+4.442084825283e-03	-2.756452717909e-01	
-7.638132017083e-05	-1.303011771895e-03	-8.161011660226e-03	
# l	nl	nn
1	12	2
+1.4625e+03  	+3.5407e+02  	+1.2670e+02  	+4.9989e+01  	+2.0509e+01  	+8.5805e+00  	+3.6301e+00  	+1.5465e+00  	+6.6194e-01  	+2.8424e-01  	+1.2235e-01  	+4.8939e-02  	
-9.57445	-0.59033	
+9.620682103288e-04	-2.690286094788e-04	
+6.208382826892e-03	-1.742969244692e-03	
+2.576504697997e-02	-7.295812858967e-03	
+9.300869287488e-02	-2.689743055188e-02	
+2.439823813597e-01	-7.290430240567e-02	
+4.164354738795e-01	-1.307259026494e-01	
+3.442923930396e-01	-1.081956226595e-01	
+7.271956884891e-02	+1.584505755993e-01	
+2.981677097896e-03	+4.340451620281e-01	
-2.413645574797e-04	+4.103072739582e-01	
+2.997003491696e-04	+1.695413594092e-01	
-9.472284912588e-05	+9.859198557056e-03	
#-----------------------------------------
# Density matrix from input occupied orbitals
DENSITY
1
# l	nl
0	17
+4.5548e+05  	+6.4818e+04  	+1.9257e+04  	+6.8770e+03  	+2.6435e+03  	+1.0542e+03  	+4.2937e+02  	+1.7719e+02  	+7.3764e+01  	+3.0897e+01  	+1.2999e+01  	+5.4877e+00  	+2.3226e+00  	+9.8498e-01  	+4.1840e-01  	+1.7796e-01  	+7.1184e-02  	
+2.230045e-07	+7.053783e-07	+1.513629e-06	+4.159833e-06	+1.110755e-05	+3.079994e-05	+8.037003e-05	+1.805002e-04	+2.901803e-04	+2.160270e-04	-3.269067e-06	-1.328344e-04	-9.055965e-05	+1.886453e-05	+3.544145e-05	+1.677014e-05	+1.797379e-07	
+7.053783e-07	+2.231160e-06	+4.787713e-06	+1.315784e-05	+3.513400e-05	+9.742264e-05	+2.542179e-04	+5.709451e-04	+9.179046e-04	+6.833856e-04	-1.044850e-05	-4.206353e-04	-2.867374e-04	+5.968420e-05	+1.121316e-04	+5.306319e-05	+5.680538e-07	
+1.513629e-06	+4.787713e-06	+1.027368e-05	+2.823467e-05	+7.539226e-05	+2.090551e-04	+5.455222e-04	+1.225215e-03	+1.969921e-03	+1.466862e-03	-2.301305e-05	-9.054156e-04	-6.173322e-04	+1.288627e-04	+2.421820e-04	+1.145439e-04	+1.234604e-06	
+4.159833e-06	+1.315784e-05	+2.823467e-05	+7.759612e-05	+2.071977e-04	+5.745405e-04	+1.499258e-03	+3.367339e-03	+5.414410e-03	+4.032304e-03	-6.463939e-05	-2.493972e-03	-1.699518e-03	+3.530369e-04	+6.633617e-04	+3.139725e-04	+3.353761e-06	
+1.110755e-05	+3.513400e-05	+7.539226e-05	+2.071977e-04	+5.532657e-04	+1.534177e-03	+4.003590e-03	+8.992908e-03	+1.446365e-02	+1.077770e-02	-1.874517e-04	-6.728859e-03	-4.587716e-03	+9.601418e-04	+1.805904e-03	+8.534780e-04	+9.287604e-06	
+3.079994e-05	+9.742264e-05	+2.090551e-04	+5.745405e-04	+1.534177e-03	+4.254297e-03	+1.110275e-02	+2.494292e-02	+4.013354e-02	+2.993331e-02	-5.866949e-04	-1.895299e-02	-1.290802e-02	+2.682201e-03	+5.046527e-03	+2.386706e-03	+2.574340e-05	
+8.037003e-05	+2.542179e-04	+5.455222e-04	+1.499258e-03	+4.003590e-03	+1.110275e-02	+2.898122e-02	+6.513600e-02	+1.049313e-01	+7.846719e-02	-2.030163e-03	-5.173549e-02	-3.523908e-02	+7.405991e-03	+1.397379e-02	+6.589071e-03	+7.373546e-05	
+1.805002e-04	+5.709451e-04	+1.225215e-03	+3.367339e-03	+8.992908e-03	+2.494292e-02	+6.513600e-02	+1.465383e-01	+2.367081e-01	+1.780502e-01	-7.099380e-03	-1.276178e-01	-8.672198e-02	+1.816293e-02	+3.440612e-02	+1.619491e-02	+1.851254e-04	
+2.901803e-04	+9.179046e-04	+1.969921e-03	+5.414410e-03	+1.446365e-02	+4.013354e-02	+1.049313e-01	+2.367081e-01	+3.852340e-01	+2.944117e-01	-2.279012e-02	-2.568133e-01	-1.743077e-01	+3.754532e-02	+7.181783e-02	+3.350838e-02	+4.233055e-04	
+2.160270e-04	+6.833856e-04	+1.466862e-03	+4.032304e-03	+1.077770e-02	+2.993331e-02	+7.846719e-02	+1.780502e-01	+2.944117e-01	+2.324520e-01	-3.545362e-02	-2.747943e-01	-1.858109e-01	+4.048006e-02	+7.823404e-02	+3.624691e-02	+4.929203e-04	
-3.269067e-06	-1.044850e-05	-2.301305e-05	-6.463939e-05	-1.874517e-04	-5.866949e-04	-2.030163e-03	-7.099380e-03	-2.279012e-02	-3.545362e-02	+4.501227e-02	+2.052970e-01	+1.376447e-01	-3.075476e-02	-6.077153e-02	-2.773684e-02	-4.351762e-04	
-1.328344e-04	-4.206353e-04	-9.054156e-04	-2.493972e-03	-6.728859e-03	-1.895299e-02	-5.173549e-02	-1.276178e-01	-2.568133e-01	-2.747943e-01	+2.052970e-01	+1.018372e+00	+7.099470e-01	-2.119385e-01	-4.185047e-01	-1.855600e-01	-3.673818e-03	
-9.055965e-05	-2.867374e-04	-6.173322e-04	-1.699518e-03	-4.587716e-03	-1.290802e-02	-3.523908e-02	-8.672198e-02	-1.743077e-01	-1.858109e-01	+1.376447e-01	+7.099470e-01	+5.296822e-01	-2.267586e-01	-4.487925e-01	-1.934302e-01	-4.630320e-03	
+1.886453e-05	+5.968420e-05	+1.288627e-04	+3.530369e-04	+9.601418e-04	+2.682201e-03	+7.405991e-03	+1.816293e-02	+3.754532e-02	+4.048006e-02	-3.075476e-02	-2.119385e-01	-2.267586e-01	+2.238219e-01	+4.443317e-01	+1.843579e-01	+5.472549e-03	
+3.544145e-05	+1.121316e-04	+2.421820e-04	+6.633617e-04	+1.805904e-03	+5.046527e-03	+1.397379e-02	+3.440612e-02	+7.181783e-02	+7.823404e-02	-6.077153e-02	-4.185047e-01	-4.487925e-01	+4.443317e-01	+8.821084e-01	+3.659601e-01	+1.086881e-02	
+1.677014e-05	+5.306319e-05	+1.145439e-04	+3.139725e-04	+8.534780e-04	+2.386706e-03	+6.589071e-03	+1.619491e-02	+3.350838e-02	+3.624691e-02	-2.773684e-02	-1.855600e-01	-1.934302e-01	+1.843579e-01	+3.659601e-01	+1.520003e-01	+4.487469e-03	
+1.797379e-07	+5.680538e-07	+1.234604e-06	+3.353761e-06	+9.287604e-06	+2.574340e-05	+7.373546e-05	+1.851254e-04	+4.233055e-04	+4.929203e-04	-4.351762e-04	-3.673818e-03	-4.630320e-03	+5.472549e-03	+1.086881e-02	+4.487469e-03	+1.366116e-04	
# l	nl
1	12
+1.4625e+03  	+3.5407e+02  	+1.2670e+02  	+4.9989e+01  	+2.0509e+01  	+8.5805e+00  	+3.6301e+00  	+1.5465e+00  	+6.6194e-01  	+2.8424e-01  	+1.2235e-01  	+4.8939e-02  	
+1.995903e-06	+1.288359e-05	+5.350103e-05	+1.934338e-04	+5.086821e-04	+8.716167e-04	+7.206810e-04	+5.466689e-05	-2.278040e-04	-2.212332e-04	-9.064629e-05	-5.487073e-06	
+1.288359e-05	+8.316392e-05	+3.453513e-04	+1.248630e-03	+3.283612e-03	+5.626484e-03	+4.652161e-03	+3.505929e-04	-1.476032e-03	-1.433303e-03	-5.872894e-04	-3.554471e-05	
+5.350103e-05	+3.453513e-04	+1.434133e-03	+5.185224e-03	+1.363623e-02	+2.336646e-02	+1.932017e-02	+1.435195e-03	-6.179778e-03	-5.999488e-03	-2.458440e-03	-1.487428e-04	
+1.934338e-04	+1.248630e-03	+5.185224e-03	+1.874818e-02	+4.930684e-02	+8.449662e-02	+6.986474e-02	+5.003277e-03	-2.279476e-02	-2.211732e-02	-9.064704e-03	-5.479943e-04	
+5.086821e-04	+3.283612e-03	+1.363623e-02	+4.930684e-02	+1.296849e-01	+2.222668e-01	+1.837784e-01	+1.238113e-02	-6.183257e-02	-5.994411e-02	-2.457435e-02	-1.483777e-03	
+8.716167e-04	+5.626484e-03	+2.336646e-02	+8.449662e-02	+2.222668e-01	+3.810155e-01	+3.150391e-01	+1.913883e-02	-1.109985e-01	-1.074766e-01	-4.407728e-02	-2.656597e-03	
+7.206810e-04	+4.652161e-03	+1.932017e-02	+6.986474e-02	+1.837784e-01	+3.150391e-01	+2.604871e-01	+1.578627e-02	-9.187044e-02	-8.895310e-02	-3.648090e-02	-2.198669e-03	
+5.466689e-05	+3.505929e-04	+1.435195e-03	+5.003277e-03	+1.238113e-02	+1.913883e-02	+1.578627e-02	+6.078944e-02	+1.379831e-01	+1.299917e-01	+5.377144e-02	+3.110615e-03	
-2.278040e-04	-1.476032e-03	-6.179778e-03	-2.279476e-02	-6.183257e-02	-1.109985e-01	-9.187044e-02	+1.379831e-01	+3.768082e-01	+3.561823e-01	+1.471790e-01	+8.558110e-03	
-2.212332e-04	-1.433303e-03	-5.999488e-03	-2.211732e-02	-5.994411e-02	-1.074766e-01	-8.895310e-02	+1.299917e-01	+3.561823e-01	+3.367042e-01	+1.391280e-01	+8.090647e-03	
-9.064629e-05	-5.872894e-04	-2.458440e-03	-9.064704e-03	-2.457435e-02	-4.407728e-02	-3.648090e-02	+5.377144e-02	+1.471790e-01	+1.391280e-01	+5.748872e-02	+3.343027e-03	
-5.487073e-06	-3.554471e-05	-1.487428e-04	-5.479943e-04	-1.483777e-03	-2.656597e-03	-2.198669e-03	+3.110615e-03	+8.558110e-03	+8.090647e-03	+3.343027e-03	+1.944255e-04	
#-----------------------------------------
# ---------------- vpauli - Ep=+192.00 a.u.:
EPAULI
+1.920000e+02
#-----------------------------------------
VEXCHANGE
# largest angular momentum for extraction
4
# lambda	nlambda
0	24
+5.6842e+07           +1.1898e+07           +3.1323e+06           +9.2621e+05           +3.0120e+05           +1.0570e+05           +3.9605e+04           +1.5700e+04           +6.5368e+03           +2.8408e+03           +1.2817e+03           +5.9755e+02           +2.8523e+02           +1.2893e+02           +6.4433e+01           +3.2538e+01           +1.5090e+01           +7.7142e+00           +3.1881e+00           +1.5468e+00           +4.3716e-01           +1.8920e-01           +2.6373e-02           +1.2134e-02           
+5.4721819713953e-04  -1.2601706225998e-03  +2.2575032575783e-03  -3.6892581587927e-03  +5.6711224421361e-03  -8.1466503800062e-03  +1.0726985727307e-02  -1.2806414581686e-02  +1.3434729842071e-02  -1.2099948621035e-02  +8.9084640306778e-03  -5.1693676140391e-03  +2.1885005231558e-03  -7.7241771563538e-04  +1.5533349616911e-04  +3.3878908585869e-04  -6.9058872640133e-04  +6.1500999276901e-04  -3.4273857371756e-04  +1.7015192237673e-04  -7.4427670583438e-05  +3.6703092065905e-05  -1.0295087035049e-05  +5.6271292026897e-06  
-1.2601706226003e-03  +4.9862766166839e-03  -9.5254252693253e-03  +1.5100405578420e-02  -2.2600823620460e-02  +3.1989813564444e-02  -4.1801329366616e-02  +4.9711155992166e-02  -5.2050398434361e-02  +4.6850086649193e-02  -3.4507249484698e-02  +2.0066546268898e-02  -8.5416276167310e-03  +3.0625313231665e-03  -6.6665191484840e-04  -1.2588525306105e-03  +2.6312812106035e-03  -2.3524367997463e-03  +1.3125108982007e-03  -6.5192644844633e-04  +2.8558719688173e-04  -1.4086873863442e-04  +3.9519280002270e-05  -2.1600696311269e-05  
+2.2575032575789e-03  -9.5254252693282e-03  +2.6567578341636e-02  -4.6021878456969e-02  +6.7757710536722e-02  -9.3623181410287e-02  +1.2038809084115e-01  -1.4189490026100e-01  +1.4787313958188e-01  -1.3290837914149e-01  +9.7993551412317e-02  -5.7313053880483e-02  +2.4729736802414e-02  -9.2271767241374e-03  +2.3725738662694e-03  +3.1769036317321e-03  -7.1475638355951e-03  +6.4598835411058e-03  -3.6149681066423e-03  +1.7981546212262e-03  -7.9097217189053e-04  +3.9038369583848e-04  -1.0956614307925e-04  +5.9888032388546e-05  
-3.6892581587902e-03  +1.5100405578401e-02  -4.6021878456868e-02  +1.1115767054783e-01  -1.8153905045000e-01  +2.5085173251177e-01  -3.1603706682713e-01  +3.6701568916621e-01  -3.7875580668932e-01  +3.3969877819672e-01  -2.5084344806851e-01  +1.4884802746285e-01  -6.5921261891031e-02  +2.6843883901325e-02  -8.7784947567896e-03  -5.8033192478133e-03  +1.6418310309430e-02  -1.5282357424044e-02  +8.5998540489896e-03  -4.2954847243931e-03  +1.9111484486120e-03  -9.4380858466605e-04  +2.6523227255917e-04  -1.4497771029742e-04  
+5.6711224421346e-03  -2.2600823620396e-02  +6.7757710536625e-02  -1.8153905044997e-01  +4.0177777185634e-01  -6.2449435854369e-01  +8.0278466853789e-01  -9.1810550587634e-01  +9.4069732371271e-01  -8.3608769033097e-01  +6.2550316451416e-01  -3.7535918483647e-01  +1.7979414109727e-01  -7.8107580510141e-02  +3.6287447790337e-02  +4.2348739678064e-03  -3.2122419338783e-02  +3.1665505161466e-02  -1.8481839208322e-02  +9.2629055238651e-03  -4.1734070886087e-03  +2.0838657858980e-03  -5.8589227104372e-04  +3.2027870819964e-04  
-8.1466503799987e-03  +3.1989813564296e-02  -9.3623181410073e-02  +2.5085173251178e-01  -6.2449435854490e-01  +1.2908647869212e+00  -1.9011392730719e+00  +2.2579307867824e+00  -2.3125021955850e+00  +2.0618084748111e+00  -1.5543853096719e+00  +9.7202182606767e-01  -4.9419891924795e-01  +2.5200790347793e-01  -1.3863801835453e-01  +3.1124954405310e-02  +4.6291990684284e-02  -5.6323782522450e-02  +3.4266728278826e-02  -1.7535833394225e-02  +8.3465069753962e-03  -4.1892661172119e-03  +1.1844169632670e-03  -6.4754571762606e-04  
+1.0726985727295e-02  -4.1801329366484e-02  +1.2038809084113e-01  -3.1603706682746e-01  +8.0278466854106e-01  -1.9011392730760e+00  +3.6991432818058e+00  -5.1218545070719e+00  +5.5723918518836e+00  -5.0652208051172e+00  +3.9218998887871e+00  -2.5447964100447e+00  +1.4148058975155e+00  -7.9213397367606e-01  +5.0941756843093e-01  -2.0222323997724e-01  -1.4540760986761e-02  +7.0861207331603e-02  -5.1690570083229e-02  +2.7586483732826e-02  -1.4587765930793e-02  +7.5251022981634e-03  -2.1441972658792e-03  +1.1726364275960e-03  
-1.2806414581780e-02  +4.9711155991960e-02  -1.4189490026049e-01  +3.6701568916625e-01  -9.1810550587854e-01  +2.2579307867854e+00  -5.1218545070747e+00  +9.3796351853422e+00  -1.2108444320025e+01  +1.1980261100042e+01  -9.6867035200119e+00  +6.6462428547807e+00  -3.9127544875054e+00  +2.4188193061510e+00  -1.6472602879119e+00  +8.2005145616974e-01  -2.1552922659879e-01  -9.0218721098236e-03  +4.2432234780638e-02  -2.8107469683487e-02  +2.1338183924301e-02  -1.1457035380413e-02  +3.3397522978640e-03  -1.8275914594233e-03  
+1.3434729842170e-02  -5.2050398434506e-02  +1.4787313958257e-01  -3.7875580669181e-01  +9.4069732372101e-01  -2.3125021956156e+00  +5.5723918518972e+00  -1.2108444320118e+01  +2.0782912636377e+01  -2.4770020990777e+01  +2.2266093500578e+01  -1.6233596783634e+01  +1.0219235829944e+01  -6.5872261853965e+00  +4.7473564579213e+00  -2.5722513820256e+00  +1.0059089090233e+00  -3.1523394011587e-01  +6.1157941333081e-02  -1.0490988587731e-02  -2.1125091601199e-02  +1.3393674054018e-02  -4.1076649785213e-03  +2.2515186286416e-03  
-1.2099948621046e-02  +4.6850086649234e-02  -1.3290837913967e-01  +3.3969877819569e-01  -8.3608769033069e-01  +2.0618084747999e+00  -5.0652208051863e+00  +1.1980261100036e+01  -2.4770020990492e+01  +3.9518793168398e+01  -4.3120895313032e+01  +3.5318978906916e+01  -2.3511229613440e+01  +1.6033564871549e+01  -1.1725824468024e+01  +6.7260774429760e+00  -3.0181058220709e+00  +1.2073359230866e+00  -4.0033470091113e-01  +1.4661545799473e-01  +2.5905163973667e-03  -8.0059773912889e-03  +3.1799662963973e-03  -1.7537617887265e-03  
+8.9084640302441e-03  -3.4507249483304e-02  +9.7993551409241e-02  -2.5084344805823e-01  +6.2550316449550e-01  -1.5543853096120e+00  +3.9218998886523e+00  -9.6867035197299e+00  +2.2266093499860e+01  -4.3120895312686e+01  +6.3246824572197e+01  -6.2559445014006e+01  +4.6635893571861e+01  -3.3082943591641e+01  +2.5143017340735e+01  -1.4703216737756e+01  +7.0211423185833e+00  -3.0912017024069e+00  +1.1024730615346e+00  -4.3858275250123e-01  +5.1615902382180e-02  -9.4618806268827e-03  +7.3509323196648e-04  -3.6737873872195e-04  
-5.1693676134013e-03  +2.0066546266018e-02  -5.7313053868933e-02  +1.4884802745321e-01  -3.7535918478156e-01  +9.7202182598272e-01  -2.5447964098904e+00  +6.6462428543591e+00  -1.6233596783179e+01  +3.5318978905992e+01  -6.2559445013822e+01  +8.3102826910200e+01  -7.3289111548688e+01  +5.8159477491517e+01  -4.5288575688120e+01  +2.7474905016031e+01  -1.3511663188500e+01  +6.0666408268728e+00  -2.2943441776041e+00  +9.2665187223930e-01  -1.3467596543027e-01  +3.9971040458437e-02  -7.3996757118084e-03  +3.9815992007679e-03  
+2.1885005221564e-03  -8.5416276107144e-03  +2.4729736788019e-02  -6.5921261850745e-02  +1.7979414101085e-01  -4.9419891906579e-01  +1.4148058970969e+00  -3.9127544870217e+00  +1.0219235828669e+01  -2.3511229611351e+01  +4.6635893570436e+01  -7.3289111545439e+01  +8.6792726865329e+01  -7.9882766668303e+01  +6.8859981837390e+01  -4.3030451750451e+01  +2.1800581255222e+01  -1.0114631883860e+01  +3.7417835363971e+00  -1.5363586803320e+00  +2.5681447039071e-01  -7.6860329629137e-02  +1.5928742568727e-02  -8.6019248088427e-03  
-7.7241771444836e-04  +3.0625313157001e-03  -9.2271767084477e-03  +2.6843883875554e-02  -7.8107580422210e-02  +2.5200790325158e-01  -7.9213397314907e-01  +2.4188193054646e+00  -6.5872261835749e+00  +1.6033564869114e+01  -3.3082943589521e+01  +5.8159477487196e+01  -7.9882766669318e+01  +1.0276606908250e+02  -1.0121821786497e+02  +7.1123363777396e+01  -3.8130559178964e+01  +1.7712391075262e+01  -6.9424421371565e+00  +2.8384452823498e+00  -4.6378845042775e-01  +1.5801966962983e-01  -3.3205620540105e-02  +1.7971520118900e-02  
+1.5533349527218e-04  -6.6665190585269e-04  +2.3725738480963e-03  -8.7784947007466e-03  +3.6287447664281e-02  -1.3863801808327e-01  +5.0941756772590e-01  -1.6472602867731e+00  +4.7473564560481e+00  -1.1725824465004e+01  +2.5143017337122e+01  -4.5288575682981e+01  +6.8859981834880e+01  -1.0121821786109e+02  +1.2742392376128e+02  -1.0311800540073e+02  +6.1335734290602e+01  -3.0426572336102e+01  +1.1661884970130e+01  -4.8716809554023e+00  +9.0546044024723e-01  -2.9788672812619e-01  +6.6829401096459e-02  -3.6212735714563e-02  
+3.3878908707235e-04  -1.2588525377830e-03  +3.1769036479375e-03  -5.8033192929712e-03  +4.2348740809427e-03  +3.1124954154574e-02  -2.0222323949520e-01  +8.2005145532549e-01  -2.5722513802881e+00  +6.7260774400935e+00  -1.4703216734297e+01  +2.7474905009878e+01  -4.3030451747467e+01  +7.1123363772788e+01  -1.0311800539500e+02  +1.0446528873994e+02  -7.4847856962672e+01  +3.9124633999578e+01  -1.6184602377403e+01  +6.7976228483603e+00  -1.2267763307131e+00  +4.3740197438742e-01  -9.7495188407511e-02  +5.2873870659003e-02  
-6.9058872757969e-04  +2.6312812179854e-03  -7.1475638550299e-03  +1.6418310349180e-02  -3.2122419409858e-02  +4.6291990872129e-02  -1.4540761429730e-02  -2.1552922574563e-01  +1.0059089075101e+00  -3.0181058202818e+00  +7.0211423152034e+00  -1.3511663181947e+01  +2.1800581252372e+01  -3.8130559175960e+01  +6.1335734286430e+01  -7.4847856961692e+01  +7.2208863072308e+01  -4.5247083967478e+01  +1.9838652412383e+01  -8.6294552131781e+00  +1.5837855479865e+00  -5.3584884246012e-01  +1.1840152862564e-01  -6.4143012090636e-02  
+6.1500999343759e-04  -2.3524368039510e-03  +6.4598835511482e-03  -1.5282357437579e-02  +3.1665505233504e-02  -5.6323782662600e-02  +7.0861207552689e-02  -9.0218725799966e-03  -3.1523393931708e-01  +1.2073359215427e+00  -3.0912017009346e+00  +6.0666408244494e+00  -1.0114631882412e+01  +1.7712391074162e+01  -3.0426572334861e+01  +3.9124633998975e+01  -4.5247083968189e+01  +3.7997391747786e+01  -1.8416125891505e+01  +8.5932309918304e+00  -1.6405801577289e+00  +4.8526321086805e-01  -1.0466963725001e-01  +5.6540289888674e-02  
-3.4273857413009e-04  +1.3125108993191e-03  -3.6149681115777e-03  +8.5998540575061e-03  -1.8481839235125e-02  +3.4266728339422e-02  -5.1690570180350e-02  +4.2432235008225e-02  +6.1157941052376e-02  -4.0033470038031e-01  +1.1024730608621e+00  -2.2943441766283e+00  +3.7417835363556e+00  -6.9424421362414e+00  +1.1661884969032e+01  -1.6184602377353e+01  +1.9838652412248e+01  -1.8416125891382e+01  +1.5817828249919e+01  -8.7256228102726e+00  +1.2615764776094e+00  -4.7937483082312e-01  +8.3717359143695e-02  -4.5106820559099e-02  
+1.7015192256468e-04  -6.5192644935064e-04  +1.7981546241111e-03  -4.2954847323634e-03  +9.2629055401158e-03  -1.7535833424786e-02  +2.7586483817758e-02  -2.8107469796393e-02  -1.0490988325314e-02  +1.4661545758071e-01  -4.3858275213821e-01  +9.2665187173422e-01  -1.5363586796999e+00  +2.8384452817338e+00  -4.8716809547133e+00  +6.7976228481926e+00  -8.6294552129455e+00  +8.5932309916583e+00  -8.7256228101887e+00  +6.4214920858614e+00  -1.5363741069123e+00  +4.6030947378201e-01  -9.0863843944375e-02  +4.8827641408421e-02  
-7.4427670650265e-05  +2.8558719722710e-04  -7.9097217283745e-04  +1.9111484508988e-03  -4.1734070926830e-03  +8.3465069836959e-03  -1.4587765947689e-02  +2.1338183962576e-02  -2.1125091681075e-02  +2.5905164993286e-03  +5.1615902275701e-02  -1.3467596519888e-01  +2.5681447031911e-01  -4.6378845025404e-01  +9.0546044021643e-01  -1.2267763307850e+00  +1.5837855480739e+00  -1.6405801577361e+00  +1.2615764776014e+00  -1.5363741069214e+00  +2.0397217693523e+00  -5.0223954289723e-01  +1.1430578173537e-01  -6.1472649130290e-02  
+3.6703092099407e-05  -1.4086873874111e-04  +3.9038369620165e-04  -9.4380858549092e-04  +2.0838657879659e-03  -4.1892661212250e-03  +7.5251023057914e-03  -1.1457035396403e-02  +1.3393674074038e-02  -8.0059774232707e-03  -9.4618805615143e-03  +3.9971040381793e-02  -7.6860329578209e-02  +1.5801966959976e-01  -2.9788672808782e-01  +4.3740197436735e-01  -5.3584884248784e-01  +4.8526321087169e-01  -4.7937483083207e-01  +4.6030947379082e-01  -5.0223954289492e-01  +4.2264289745467e-01  -6.0506505010397e-02  +3.2881111251604e-02  
-1.0295087043346e-05  +3.9519280040127e-05  -1.0956614316148e-04  +2.6523227274876e-04  -5.8589227144706e-04  +1.1844169644416e-03  -2.1441972681870e-03  +3.3397523025494e-03  -4.1076649874057e-03  +3.1799663052439e-03  +7.3509321851453e-04  -7.3996756997257e-03  +1.5928742559039e-02  -3.3205620538334e-02  +6.6829401086757e-02  -9.7495188413614e-02  +1.1840152863217e-01  -1.0466963725547e-01  +8.3717359147803e-02  -9.0863843949068e-02  +1.1430578173588e-01  -6.0506505010728e-02  +1.8708236276991e-02  -9.9489055383812e-03  
+5.6271292061172e-06  -2.1600696331809e-05  +5.9888032444814e-05  -1.4497771039305e-04  +3.2027870845890e-04  -6.4754571819195e-04  +1.1726364285565e-03  -1.8275914614290e-03  +2.2515186325655e-03  -1.7537617931483e-03  -3.6737873425703e-04  +3.9815991920865e-03  -8.6019248050225e-03  +1.7971520121643e-02  -3.6212735708680e-02  +5.2873870671320e-02  -6.4143012101735e-02  +5.6540289895764e-02  -4.5106820563091e-02  +4.8827641411350e-02  -6.1472649130912e-02  +3.2881111251775e-02  -9.9489055383715e-03  +5.3052892560141e-03  
# lambda	nlambda
1	19
+5.6040e+05           +8.1140e+04           +1.7688e+04           +4.9956e+03           +1.6984e+03           +6.5662e+02           +2.7773e+02           +1.2481e+02           +5.8347e+01           +2.7083e+01           +1.3093e+01           +6.3197e+00           +2.9855e+00           +1.4104e+00           +6.2976e-01           +2.8495e-01           +1.2633e-01           +2.7371e-02           +1.1046e-02           
+1.5456111998222e-02  -1.4586638740892e-02  +1.5272742827547e-02  -1.3525432607970e-02  +8.8874077243134e-03  -2.7520076834140e-03  -1.5868628183847e-03  +3.0530633741089e-03  -3.0483814188578e-03  +3.1108020190660e-03  -3.0339578184668e-03  +2.3438098894508e-03  -1.5298319389388e-03  +9.3027735596632e-04  -5.3433970296266e-04  +2.8070537738808e-04  -1.0160325895751e-04  +2.5849954084283e-05  -1.1564158993770e-05  
-1.4586638740892e-02  +9.8590204765574e-02  -9.7803257495364e-02  +8.4797625631771e-02  -5.7241516104013e-02  +2.5600033745312e-02  -2.2851406758322e-03  -6.6636822145401e-03  +8.7158086210879e-03  -1.0670144874496e-02  +1.1540439097437e-02  -9.3006200120228e-03  +6.1592067910628e-03  -3.7877757386304e-03  +2.2039883498920e-03  -1.1662580829150e-03  +4.2326021198361e-04  -1.0779335335069e-04  +4.8227360489998e-05  
+1.5272742827547e-02  -9.7803257495361e-02  +4.3100019341837e-01  -4.2795936774138e-01  +3.2282060468475e-01  -1.8509062657925e-01  +8.5894747950154e-02  -3.6694997651230e-02  +1.3933663233948e-02  +5.9120115567770e-03  -1.8581533092819e-02  +1.8669518060376e-02  -1.3189801680022e-02  +8.4985903159421e-03  -5.1996306551281e-03  +2.8266101484635e-03  -1.0357575738666e-03  +2.6472458695963e-04  -1.1848544662677e-04  
-1.3525432607970e-02  +8.4797625631768e-02  -4.2795936774138e-01  +1.4232125196702e+00  -1.3658302498185e+00  +9.6299997631163e-01  -5.8065939260671e-01  +3.6746957085544e-01  -2.2992809096053e-01  +1.1582084408123e-01  -3.7335519468422e-02  +3.2207139585368e-03  +3.8080614036309e-03  -5.1381751877062e-03  +4.8327480723180e-03  -3.0985210348831e-03  +1.1964149552296e-03  -3.1149343266398e-04  +1.3969756218858e-04  
+8.8874077243171e-03  -5.7241516104021e-02  +3.2282060468480e-01  -1.3658302498186e+00  +3.5503422112555e+00  -3.2155220386582e+00  +2.2994294034060e+00  -1.5686401074280e+00  +1.0597831292759e+00  -6.2403690851553e-01  +3.1909854231546e-01  -1.4745790406142e-01  +7.3879891109812e-02  -3.4035749015077e-02  +1.2273737375382e-02  -4.3524510975294e-03  +1.2730272497482e-03  -2.9836240662210e-04  +1.3211121421045e-04  
-2.7520076834180e-03  +2.5600033745325e-02  -1.8509062657932e-01  +9.6299997631178e-01  -3.2155220386582e+00  +6.6535333049317e+00  -5.7861453594411e+00  +4.4007882378466e+00  -3.0546472051638e+00  +1.8862653222747e+00  -1.0312200678309e+00  +5.2343286242834e-01  -2.7707546813579e-01  +1.3834237260016e-01  -5.9505304990018e-02  +2.5161455834501e-02  -8.3424076633096e-03  +2.0426482433654e-03  -9.1011978466138e-04  
-1.5868628183694e-03  -2.2851406758687e-03  +8.5894747950402e-02  -5.8065939260687e-01  +2.2994294034069e+00  -5.7861453594420e+00  +9.7816177964297e+00  -8.6347530060696e+00  +6.6101023463257e+00  -4.2039587665560e+00  +2.3435726149525e+00  -1.1892150144627e+00  +6.3720433211227e-01  -3.1891341099866e-01  +1.3737384414589e-01  -5.9332205287641e-02  +1.9506861185651e-02  -4.8119593884385e-03  +2.1439910750790e-03  
+3.0530633740809e-03  -6.6636822144575e-03  -3.6694997651820e-02  +3.6746957085672e-01  -1.5686401074301e+00  +4.4007882378500e+00  -8.6347530060715e+00  +1.2639634737732e+01  -1.1337455407449e+01  +7.9850436947067e+00  -4.5453218404890e+00  +2.3461190901066e+00  -1.2372426774727e+00  +6.1995210056832e-01  -2.6914197371899e-01  +1.1318928150641e-01  -3.7925483619710e-02  +9.2552408764105e-03  -4.1246193858905e-03  
-3.0483814188255e-03  +8.7158086210319e-03  +1.3933663234307e-02  -2.2992809096178e-01  +1.0597831292792e+00  -3.0546472051701e+00  +6.6101023463319e+00  -1.1337455407451e+01  +1.4978403029175e+01  -1.2791373620166e+01  +8.0448855439232e+00  -4.1833332976421e+00  +2.2892603700406e+00  -1.1506761676521e+00  +4.9456044453297e-01  -2.1769378960952e-01  +7.0784987497706e-02  -1.7582917435371e-02  +7.8331987419072e-03  
+3.1108020190338e-03  -1.0670144874451e-02  +5.9120115562468e-03  +1.1582084408274e-01  -6.2403690851846e-01  +1.8862653222797e+00  -4.2039587665581e+00  +7.9850436947052e+00  -1.2791373620167e+01  +1.6341074395078e+01  -1.2214642429328e+01  +7.1043983848370e+00  -3.8326099255625e+00  +1.9643019747382e+00  -8.7754032633872e-01  +3.6550320382334e-01  -1.2546577997769e-01  +3.0422147794851e-02  -1.3564814304977e-02  
-3.0339578184345e-03  +1.1540439097368e-02  -1.8581533092376e-02  -3.7335519469937e-02  +3.1909854231702e-01  -1.0312200678373e+00  +2.3435726149554e+00  -4.5453218404983e+00  +8.0448855439183e+00  -1.2214642429317e+01  +1.4281572283833e+01  -8.9125336320219e+00  +5.4127307146771e+00  -2.7951111019070e+00  +1.1646135560572e+00  -5.1282865524069e-01  +1.6095637417492e-01  -4.0164969343491e-02  +1.7875534856388e-02  
+2.3438098894174e-03  -9.3006200119157e-03  +1.8669518059896e-02  +3.2207139600946e-03  -1.4745790406477e-01  +5.2343286243658e-01  -1.1892150144730e+00  +2.3461190901130e+00  -4.1833332976509e+00  +7.1043983848412e+00  -8.9125336320008e+00  +9.1376489655516e+00  -5.7875000845434e+00  +3.1817393932474e+00  -1.3847841971352e+00  +5.1576326280951e-01  -1.7406651997392e-01  +4.0844237564425e-02  -1.8177373230321e-02  
-1.5298319389137e-03  +6.1592067909864e-03  -1.3189801679697e-02  +3.8080614024819e-03  +7.3879891111613e-02  -2.7707546814210e-01  +6.3720433211703e-01  -1.2372426774856e+00  +2.2892603700320e+00  -3.8326099255624e+00  +5.4127307146793e+00  -5.7875000845469e+00  +5.5393603990725e+00  -3.6550449913805e+00  +1.5142163442131e+00  -6.0115697572540e-01  +1.7881905253154e-01  -4.3059709837313e-02  +1.9099805196581e-02  
+9.3027735594589e-04  -3.7877757385747e-03  +8.4985903156812e-03  -5.1381751868220e-03  -3.4035749017072e-02  +1.3834237260541e-01  -3.1891341100321e-01  +6.1995210057221e-01  -1.1506761676593e+00  +1.9643019747518e+00  -2.7951111019194e+00  +3.1817393932574e+00  -3.6550449913820e+00  +3.5036061070182e+00  -1.7075977066126e+00  +7.0367763602058e-01  -1.9900825797410e-01  +4.8573730056365e-02  -2.1512895707879e-02  
-5.3433970295073e-04  +2.2039883498465e-03  -5.1996306549402e-03  +4.8327480717955e-03  +1.2273737376422e-02  -5.9505304993253e-02  +1.3737384414957e-01  -2.6914197372940e-01  +4.9456044454153e-01  -8.7754032635102e-01  +1.1646135560693e+00  -1.3847841971535e+00  +1.5142163442148e+00  -1.7075977066170e+00  +1.7442277358351e+00  -5.9594075621948e-01  +2.1399069957599e-01  -4.6287026742351e-02  +2.0567293990236e-02  
+2.8070537738183e-04  -1.1662580828940e-03  +2.8266101483607e-03  -3.0985210345878e-03  -4.3524510981230e-03  +2.5161455836503e-02  -5.9332205289636e-02  +1.1318928151028e-01  -2.1769378961618e-01  +3.6550320383053e-01  -5.1282865524829e-01  +5.1576326281729e-01  -6.0115697573264e-01  +7.0367763602286e-01  -5.9594075622022e-01  +5.2214859291701e-01  -1.2009934349649e-01  +3.1350730719168e-02  -1.3826121866982e-02  
-1.0160325895521e-04  +4.2326021197645e-04  -1.0357575738393e-03  +1.1964149551289e-03  +1.2730272499895e-03  -8.3424076638293e-03  +1.9506861186093e-02  -3.7925483621713e-02  +7.0784987498688e-02  -1.2546577998079e-01  +1.6095637417696e-01  -1.7406651997784e-01  +1.7881905253252e-01  -1.9900825797507e-01  +2.1399069957638e-01  -1.2009934349683e-01  +5.9610160285436e-02  -1.1719714598669e-02  +5.2122298103548e-03  
+2.5849954083738e-05  -1.0779335334808e-04  +2.6472458695197e-04  -3.1149343263561e-04  -2.9836240666424e-04  +2.0426482435254e-03  -4.8119593886521e-03  +9.2552408768759e-03  -1.7582917435840e-02  +3.0422147795366e-02  -4.0164969344298e-02  +4.0844237565354e-02  -4.3059709838047e-02  +4.8573730056838e-02  -4.6287026742450e-02  +3.1350730719262e-02  -1.1719714598677e-02  +2.9045512144236e-03  -1.2858547223158e-03  
-1.1564158993488e-05  +4.8227360489110e-05  -1.1848544662383e-04  +1.3969756217683e-04  +1.3211121423365e-04  -9.1011978472226e-04  +2.1439910751499e-03  -4.1246193860927e-03  +7.8331987420544e-03  -1.3564814305193e-02  +1.7875534856579e-02  -1.8177373230762e-02  +1.9099805196916e-02  -2.1512895707998e-02  +2.0567293990249e-02  -1.3826121866981e-02  +5.2122298103441e-03  -1.2858547223164e-03  +5.6981940788946e-04  
# lambda	nlambda
2	14
+2.1646e+03           +6.0906e+02           +2.2802e+02           +9.7532e+01           +4.5071e+01           +2.1594e+01           +1.0692e+01           +5.3195e+00           +2.5969e+00           +1.2323e+00           +5.2686e-01           +1.0730e-01           +3.3839e-02           +1.5913e-02           
+7.6476895529514e-01  -3.5512874419442e-01  +2.0295868842370e-01  -1.3828450252284e-01  +9.5693126507524e-02  -5.4113184974650e-02  +2.5920150408850e-02  -1.2321468516238e-02  +5.8401128859969e-03  -2.0494768680720e-03  +3.8185420659639e-04  -1.2782394465032e-05  +9.4278692093249e-06  -4.6104524807804e-06  
-3.5512874419442e-01  +1.6187281974546e+00  -1.0707549576096e+00  +8.0505423519807e-01  -5.8577223464814e-01  +3.6982323441261e-01  -2.1031035627589e-01  +1.1534735218765e-01  -5.8968704658150e-02  +2.3942296631364e-02  -6.3538073032373e-03  +1.0858290801557e-03  -7.0439922136815e-04  +3.4261406111791e-04  
+2.0295868842371e-01  -1.0707549576096e+00  +2.4568919454469e+00  -2.0709939076503e+00  +1.6075817582695e+00  -1.0182870020200e+00  +5.6895484436687e-01  -3.0636203249501e-01  +1.5533731763822e-01  -6.2216477264353e-02  +1.6064358881696e-02  -2.6113786327266e-03  +1.6965840796647e-03  -8.2524849668861e-04  
-1.3828450252284e-01  +8.0505423519803e-01  -2.0709939076503e+00  +3.5607122894915e+00  -3.3356947544514e+00  +2.2601590767122e+00  -1.2550855093022e+00  +6.6760856087197e-01  -3.3519139304344e-01  +1.3200883581400e-01  -3.3091759448455e-02  +5.0017130812837e-03  -3.2592600227408e-03  +1.5855854943586e-03  
+9.5693126507510e-02  -5.8577223464809e-01  +1.6075817582695e+00  -3.3356947544515e+00  +5.1563863942183e+00  -4.2859183318736e+00  +2.5574613844392e+00  -1.3733153317047e+00  +6.9546072768354e-01  -2.7464741670513e-01  +6.8195483834135e-02  -1.0299733604814e-02  +6.7044704405249e-03  -3.2612833501189e-03  
-5.4113184974650e-02  +3.6982323441258e-01  -1.0182870020202e+00  +2.2601590767121e+00  -4.2859183318733e+00  +5.9059636569859e+00  -4.1025633759422e+00  +2.3479049260990e+00  -1.2078483691058e+00  +4.7546324900451e-01  -1.1751996444312e-01  +1.6725315778549e-02  -1.0931746346953e-02  +5.3189331113488e-03  
+2.5920150408829e-02  -2.1031035627587e-01  +5.6895484436680e-01  -1.2550855093020e+00  +2.5574613844388e+00  -4.1025633759418e+00  +4.6960257606353e+00  -2.9459445239691e+00  +1.6242540009154e+00  -6.4781020315140e-01  +1.4826626873807e-01  -1.8445886462482e-02  +1.2071055296015e-02  -5.8721054913887e-03  
-1.2321468516239e-02  +1.1534735218756e-01  -3.0636203249514e-01  +6.6760856087212e-01  -1.3733153317045e+00  +2.3479049260993e+00  -2.9459445239689e+00  +2.8357649940187e+00  -1.8173533877401e+00  +7.4906952567877e-01  -1.6862645199011e-01  +1.4684105432683e-02  -9.8629697088313e-03  +4.8043343471700e-03  
+5.8401128859866e-03  -5.8968704658119e-02  +1.5533731763820e-01  -3.3519139304351e-01  +6.9546072768374e-01  -1.2078483691056e+00  +1.6242540009156e+00  -1.8173533877403e+00  +1.6891918791518e+00  -8.8006006300062e-01  +1.9259773316129e-01  -1.4542695205529e-02  +9.7549013701176e-03  -4.7473774001424e-03  
-2.0494768680657e-03  +2.3942296631343e-02  -6.2216477264404e-02  +1.3200883581400e-01  -2.7464741670524e-01  +4.7546324900437e-01  -6.4781020315158e-01  +7.4906952567883e-01  -8.8006006300066e-01  +8.4354068375186e-01  -2.0616891267530e-01  +1.6320723713240e-02  -1.0716647221854e-02  +5.2054663182749e-03  
+3.8185420659451e-04  -6.3538073032331e-03  +1.6064358881705e-02  -3.3091759448470e-02  +6.8195483834110e-02  -1.1751996444312e-01  +1.4826626873804e-01  -1.6862645199016e-01  +1.9259773316125e-01  -2.0616891267531e-01  +2.3198281975571e-01  -5.0184720646278e-03  +4.9709530188269e-03  -2.4776507202901e-03  
-1.2782394464839e-05  +1.0858290801548e-03  -2.6113786327291e-03  +5.0017130812787e-03  -1.0299733604811e-02  +1.6725315778540e-02  -1.8445886462486e-02  +1.4684105432685e-02  -1.4542695205526e-02  +1.6320723713236e-02  -5.0184720646225e-03  +1.4012927969119e-02  -7.0029382850829e-03  +3.3047512809799e-03  
+9.4278692093162e-06  -7.0439922136731e-04  +1.6965840796663e-03  -3.2592600227374e-03  +6.7044704405284e-03  -1.0931746346955e-02  +1.2071055296020e-02  -9.8629697088404e-03  +9.7549013701150e-03  -1.0716647221854e-02  +4.9709530188244e-03  -7.0029382850832e-03  +3.7981246511630e-03  -1.8030140519538e-03  
-4.6104524806638e-06  +3.4261406111757e-04  -8.2524849668890e-04  +1.5855854943581e-03  -3.2612833501200e-03  +5.3189331113458e-03  -5.8721054913863e-03  +4.8043343471776e-03  -4.7473774001422e-03  +5.2054663182724e-03  -2.4776507202901e-03  +3.3047512809799e-03  -1.8030140519539e-03  +8.5668891394464e-04  
# lambda	nlambda
3	3
+6.1576e-01           +2.2964e-01           +2.2964e-01           
+1.6537673720393e-01  -1.5625000000000e-02  -1.5625000000000e-02  
-2.9296875000000e-02  +0.0000000000000e+00  +0.0000000000000e+00  
-1.9531250000000e-02  +0.0000000000000e+00  +0.0000000000000e+00  
# lambda	nlambda
4	2
+8.4000e-01           +2.8550e-01           
+9.7144516955378e-02  -1.8322543101303e-02  
-1.8322543101303e-02  +1.6535551854204e-02  
#-----------------------------------------
V1POLARISATION
#  local dipole polarisation extracted from fit with 3 contributions
#  input file for dipole polarisation fit
vdpol_Ar.dat
#  alpha = +12.67091 corrected to 11.080
11.08
2
0        0.00000        +1.000000               //line 0 is 0 0.0 1.0 --- mandatory
0        0.22936        -1.000000
2        4.06715        -0.229365
#-----------------------------------------
V2POLARISATION
#  local quadrupole polarisation extracted from fit
#  dynamical dipole correction with same radial dependence as quadrupole
#   input file for dipole polarisation fit
vqpol_Ar.dat
#  alpha = 51.0 corrected to 52.50
52.50
8.406
4
0        0.00000        +1.000000               //line 0 is 0 0.0 1.0 --- mandatory
0        0.10373        -0.992240
0        7.91044        -0.007760
2        1.80830        -0.10292704
2        0.75466        -0.061385014
#-----------------------------------------
#-----------------------------------------
VCORRELATION
#Largest Angular Momentum
2
# lambda        nlambda
#S-wave
0       8	
30.89700000	12.99900000	5.48770000	2.32260000	0.98498000	0.41840000	0.17796000	0.07200000	
+1.7357862e+01	+7.5678448e-01	+4.7424589e-03	-3.1014198e-03	-7.0995909e-03	-3.3667022e-01	-3.1242187e-02	+1.5887760e-02	
+7.5678448e-01	-7.6240444e-01	+3.5168874e-02	-7.0715049e-04	-3.9325629e-03	-1.6100396e-01	-1.3359237e-02	+7.6617064e-03	
+4.7424589e-03	+3.5168874e-02	-1.6246271e+00	-4.8228704e-03	-3.6790975e-03	-2.2192679e-01	-1.5575583e-02	+9.0609099e-03	
-3.1014198e-03	-7.0715049e-04	-4.8228704e-03	-3.5808056e-01	+2.2860350e-03	+9.1767313e-02	+2.6980770e-03	-9.6888721e-04	
-7.0995909e-03	-3.9325629e-03	-3.6790975e-03	+2.2860350e-03	-2.0952497e-02	+2.6002383e-02	+3.2153618e-03	-7.8575152e-04	
-3.3667022e-01	-1.6100396e-01	-2.2192679e-01	+9.1767313e-02	+2.6002383e-02	+3.5484612e-02	+2.6687485e-06	+3.9641538e-03	
-3.1242187e-02	-1.3359237e-02	-1.5575583e-02	+2.6980770e-03	+3.2153618e-03	+2.6687485e-06	+5.8619151e-03	-4.7655148e-05	
+1.5887760e-02	+7.6617064e-03	+9.0609099e-03	-9.6888721e-04	-7.8575152e-04	+3.9641538e-03	-4.7655148e-05	-1.1791347e-03	
#P-wave 
1	8	
49.98900000	20.50900000	8.58050000	3.63010000	1.54650000 0.66194000 0.28424000 0.12235000	
+7.0959709437736e-03  -7.4984277831817e-03  +2.6304508064162e-03  -4.6184297319863e-03  +2.5086225917593e-03  -3.1581309494321e-04  +2.1682298046866e-04  +1.0087763127545e-04
-7.4984277831816e-03  +1.4954954732515e-02  -5.9325080630340e-03  +6.4559460602554e-03  -4.5861270520403e-03  +8.9640048293266e-04  +3.0252446005272e-04  -5.6046010605494e-04
+2.6304508064163e-03  -5.9325080630353e-03  +8.0273055649512e-03  -3.9466060526516e-03  +5.6749177769982e-03  -6.3321559782614e-04  -2.0939897500349e-03  +1.5853316435581e-03
-4.6184297319869e-03  +6.4559460602572e-03  -3.9466060526600e-03  +3.4789680317195e-02  -3.5887147680247e-02  -1.4783993603473e-03  -2.1499125386626e-03  -1.7872689261214e-03
+2.5086225917578e-03  -4.5861270520410e-03  +5.6749177769925e-03  -3.5887147680240e-02  +7.0950264530528e-02  -2.5971747399855e-02  +4.5266184995876e-03  +2.9001801212692e-03
-3.1581309494440e-04  +8.9640048293638e-04  -6.3321559783980e-04  -1.4783993603363e-03  -2.5971747399878e-02  +6.7394065219762e-02  +4.1784839692198e-03  -5.4142370331375e-03
+2.1682298046918e-04  +3.0252446005155e-04  -2.0939897500232e-03  -2.1499125386650e-03  +4.5266184995909e-03  +4.1784839692269e-03  +1.4658197196088e-02  -5.8500514056314e-03
+1.0087763127551e-04  -5.6046010605601e-04  +1.5853316435583e-03  -1.7872689261229e-03  +2.9001801212681e-03  -5.4142370331387e-03  -5.8500514056306e-03  +1.1298379772772e-02
#D-wave 
2   4
4.32880000	1.77420000	0.72719000	0.29805000	
-1.3028630e-01	-3.6821962e-03	+8.6114513e-04	-7.2427738e-04	
-3.6821962e-03	+1.1346657e-02	+2.7693384e-03	+2.4702940e-03	
+8.6114513e-04	+2.7693384e-03	+1.0800548e-02	+3.1027654e-03	
-7.2427738e-04	+2.4702940e-03	+3.1027654e-03	+2.2218432e-03



# correction - 29/01/2024 -  New dipole and qudrupole from with dipole dynamical corrections included in quadrupole
###############################################
#    Only S-wave require experimental fiting ##
##############################################
#Largest Angular Momentum
2
#S-wave :
0       8	
