# AIMP for closed-shell spherically symmetric sytem
# Nuclear charge - effective charge
ATOM
2.00	2.00
# Input Occupied orbitals
ORBITALS
0
# l	nl	nn
0	9	1
+1.1493e+03  	+1.7204e+02  	+3.9080e+01  	+1.1036e+01  	+3.5642e+00  	+1.2404e+00  	+4.4732e-01  	+1.6421e-01  	+5.7472e-02  	
-0.91795	
+3.577400024544e-04	
+2.772890019024e-03	
+1.429838009810e-02	
+5.586749038330e-02	
+1.633628411208e-01	
+3.313314622732e-01	
+4.142972828424e-01	
+1.890322812969e-01	
+5.156060035375e-03	
#-----------------------------------------
# Density matrix from input occupied orbitals
DENSITY
0
# l	nl
0	9
+1.1493e+03  	+1.7204e+02  	+3.9080e+01  	+1.1036e+01  	+3.5642e+00  	+1.2404e+00  	+4.4732e-01  	+1.6421e-01  	+5.7472e-02  	
+2.559558e-07	+1.983947e-06	+1.023021e-05	+3.997207e-05	+1.168828e-04	+2.370610e-04	+2.964214e-04	+1.352488e-04	+3.689058e-06	
+1.983947e-06	+1.537784e-05	+7.929567e-05	+3.098288e-04	+9.059744e-04	+1.837491e-03	+2.297602e-03	+1.048331e-03	+2.859437e-05	
+1.023021e-05	+7.929567e-05	+4.088873e-04	+1.597629e-03	+4.671648e-03	+9.475006e-03	+1.184756e-02	+5.405711e-03	+1.474466e-04	
+3.997207e-05	+3.098288e-04	+1.597629e-03	+6.242353e-03	+1.825334e-02	+3.702131e-02	+4.629150e-02	+2.112152e-02	+5.761123e-04	
+1.168828e-04	+9.059744e-04	+4.671648e-03	+1.825334e-02	+5.337484e-02	+1.082545e-01	+1.353616e-01	+6.176170e-02	+1.684617e-03	
+2.370610e-04	+1.837491e-03	+9.475006e-03	+3.702131e-02	+1.082545e-01	+2.195611e-01	+2.745394e-01	+1.252647e-01	+3.416730e-03	
+2.964214e-04	+2.297602e-03	+1.184756e-02	+4.629150e-02	+1.353616e-01	+2.745394e-01	+3.432845e-01	+1.566311e-01	+4.272283e-03	
+1.352488e-04	+1.048331e-03	+5.405711e-03	+2.112152e-02	+6.176170e-02	+1.252647e-01	+1.566311e-01	+7.146641e-02	+1.949324e-03	
+3.689058e-06	+2.859437e-05	+1.474466e-04	+5.761123e-04	+1.684617e-03	+3.416730e-03	+4.272283e-03	+1.949324e-03	+5.316991e-05	
#-----------------------------------------
# ---------------- vpauli - Ep=+32.00 a.u.:
EPAULI
+3.200000e+01
#-----------------------------------------
VEXCHANGE
# largest angular momentum for extraction
2
# lambda	nlambda
0	6
+2.3400e+02           +3.5160e+01           +7.9890e+00           +2.2120e+00           +6.6690e-01           +2.0890e-01           
+3.5931058136210e-02  -2.6802224419376e-02  +1.3907692236777e-02  +3.2855778927812e-03  -3.4772147529707e-03  +2.1720575392963e-03  
-2.6802224419375e-02  +1.8694911360252e-01  -9.9337745985630e-02  +4.4983471351578e-02  +8.6630577449737e-03  -3.3730708865709e-04  
+1.3907692236777e-02  -9.9337745985627e-02  +4.8600297146529e-01  -1.3646985819119e-01  +8.5827995689964e-02  -8.3512886329729e-04  
+3.2855778927830e-03  +4.4983471351566e-02  -1.3646985819119e-01  +6.6237339557918e-01  -4.0080292282576e-02  +5.8845954435254e-02  
-3.4772147529747e-03  +8.6630577449782e-03  +8.5827995689956e-02  -4.0080292282579e-02  +4.0387022581696e-01  +1.7472556932905e-03  
+2.1720575392996e-03  -3.3730708866453e-04  -8.3512886328441e-04  +5.8845954435248e-02  +1.7472556933065e-03  +4.9988294602589e-02  
# lambda	nlambda
1	6
+2.3400e+02           +3.5160e+01           +7.9890e+00           +2.2120e+00           +6.6690e-01           +2.0890e-01           
+1.9118573213581e-02  -9.1829191211874e-03  +2.3198131629827e-03  +1.5681524970118e-03  -1.6662544750757e-03  +6.5532845377893e-04  
-9.1829191211874e-03  +8.2545824129363e-02  -3.1080650023560e-02  +5.3104966927836e-03  +2.3506192123031e-03  -1.1198877211454e-03  
+2.3198131629827e-03  -3.1080650023560e-02  +1.8037139414732e-01  -4.6013136339562e-02  +1.1450887475700e-02  -2.0147847974255e-03  
+1.5681524970118e-03  +5.3104966927832e-03  -4.6013136339561e-02  +1.9683464302614e-01  -3.2251310531279e-02  +1.0606489654800e-02  
-1.6662544750757e-03  +2.3506192123030e-03  +1.1450887475701e-02  -3.2251310531280e-02  +8.7670550628647e-02  -1.1786107328633e-02  
+6.5532845377892e-04  -1.1198877211454e-03  -2.0147847974257e-03  +1.0606489654800e-02  -1.1786107328633e-02  +8.8172557062713e-03  
# lambda	nlambda
2	2
+1.9650e+00           +4.5920e-01           
+8.4154547916140e-02  -9.0095326354450e-03  
-9.0095326354450e-03  +1.6539898000822e-02  
#-----------------------------------------
V1POLARISATION
#  local dipole polarisation extracted from fit with 3 contributions
#  input file for dipole polarisation fit
vdpol_He.dat
#  alpha = +1.422 corrected to 1.3841
1.3841
2
0        0.00000        +1.000000               //line 0 is 0 0.0 1.0 --- mandatory
0        0.22936        -1.000000
2        4.06715        -0.229365
#-----------------------------------------
V2POLARISATION
#  local quadrupole polarisation extracted from fit
#  dynamical dipole correction with same radial dependence as quadrupole
#   input file for dipole polarisation fit
vqpol_He.dat
#  alpha = 2.46 corrected to 2.4451
2.4451
0.7087
4
0        0.00000        +1.000000               //line 0 is 0 0.0 1.0 --- mandatory
0        0.10373        -0.992240
0        7.91044        -0.007760
2        1.80830        -0.10292704
2        0.75466        -0.061385014
#-----------------------------------------
VCORRELATION
# largest angular momentum for extraction
1
# lambda        nlambda
0       5
11.36200000     3.56420000      1.24040000      0.44732000      0.16421000
-3.4340513e-02  -2.1311841e-03  -5.7181670e-03  +9.5922239e-02  -4.5302268e-03
-2.1311841e-03  -3.6498259e-05  +4.0449439e-03  -1.0392398e-03  +2.1883231e-03
-5.7181670e-03  +4.0449439e-03  +2.9511785e-02  -2.6205502e-02  +5.5815172e-03
+9.5922239e-02  -1.0392398e-03  -2.6205502e-02  +1.6439381e-01  +6.3795489e-03
-4.5302268e-03  +2.1883231e-03  +5.5815172e-03  +6.3795489e-03  +8.7327365e-03
# lambda        nlambda
1       2
+4.5000e+00           +1.5000e+00
+1.9738060e+00  -2.6191178e-01
-2.6191178e-01  -1.5944751e-01
