##############################################
#Largest Angular Momentum
2
#S-wave
0	5	
26.73000000	9.92700000	2.83600000	1.10200000	0.37820000	
+2.0161359e+00	+6.6480241e-01	+1.1029775e-01	-1.1934498e+00	-8.5596828e-01	
+6.6480241e-01	+2.1185240e+00	-1.2465965e-01	+1.3231022e-01	+3.4368977e-01	
+1.1029775e-01	-1.2465965e-01	+2.7099137e-01	+1.0987917e-01	+1.1483973e-01	
-1.1934498e+00	+1.3231022e-01	+1.0987917e-01	+1.0462913e+00	+1.1225683e-03	
-8.5596828e-01	+3.4368977e-01	+1.1483973e-01	+1.1225683e-03	-9.6410560e-02	
#P-wave
1	4	
12.43000000	3.67900000	1.14300000	0.33000000	
+1.9611774e-01	-1.4727059e-01	-4.0061207e-01	-7.4302397e-03	
-1.4727059e-01	+1.2562301e-01	-4.7199203e-02	+1.1575048e-02	
-4.0061207e-01	-4.7199203e-02	+1.0502641e+00	-1.9539800e-02	
-7.4302397e-03	+1.1575048e-02	-1.9539800e-02	-1.1536424e-02	
#D-wave
2	4	
4.32880000	1.77420000	0.72719000	0.29805000	
+2.2519006e+00	-2.9296647e-01	-1.0697005e-01	-1.4997638e-01	
-2.9296647e-01	+2.3136413e-01	-5.2328096e-02	-1.1595008e-04	
-1.0697005e-01	-5.2328096e-02	+2.6774628e-02	+2.2713713e-02	
-1.4997638e-01	-1.1595008e-04	+2.2713713e-02	+8.8059547e-04	