##############################################
#Largest Angular Momentum
1
#S-wave
0	5	
11.36200000	3.56420000	1.24040000	0.44732000	0.16421000	
+2.8757887e-03	-1.9622668e-03	-4.2142481e-03	+1.3506918e-01	-8.0202516e-03	
-1.9622668e-03	-1.6466193e-03	+4.2306569e-03	+9.7771223e-03	+9.7609307e-04	
-4.2142481e-03	+4.2306569e-03	+2.9411848e-02	-2.6891877e-02	+5.4220907e-03	
+1.3506918e-01	+9.7771223e-03	-2.6891877e-02	-2.0131054e-01	+4.0407342e-02	
-8.0202516e-03	+9.7609307e-04	+5.4220907e-03	+4.0407342e-02	+7.6946644e-03	
#S-wave
1	3	
4.50000000	1.50000000	0.50000000	
+1.8938944e+00	-2.5980332e-01	+3.3846508e-03	
-2.5980332e-01	-1.6327977e-01	+1.0310247e-03	
+3.3846508e-03	+1.0310247e-03	+1.0796829e-03	