##############################################
#Largest Angular Momentum
2
#S-wave
0	8	
30.89700000	12.99900000	5.48770000	2.32260000	0.98498000	0.41840000	0.17796000	0.07200000	
+4.5106867e+00	-9.2803108e-01	+6.6354407e-01	-9.9426377e-04	-1.9358143e-02	-9.9069185e-01	-6.2023731e-02	-1.9571764e-02	
-9.2803108e-01	-9.9543714e-01	+4.0845064e-02	-8.2961066e-04	-1.3087131e-02	-4.3931381e-01	-3.3125069e-02	-3.7573146e-03	
+6.6354407e-01	+4.0845064e-02	-2.0574404e+00	-4.8223519e-03	-5.5425502e-02	-6.6426548e-01	-3.8183649e-02	-2.2628334e-02	
-9.9426377e-04	-8.2961066e-04	-4.8223519e-03	-4.4650282e-01	+8.8153332e-03	+3.4153672e-01	+1.7191422e-02	+1.1744091e-02	
-1.9358143e-02	-1.3087131e-02	-5.5425502e-02	+8.8153332e-03	-1.0998206e-02	+8.1255047e-02	+4.6011773e-03	+3.5570091e-03	
-9.9069185e-01	-4.3931381e-01	-6.6426548e-01	+3.4153672e-01	+8.1255047e-02	+2.2454513e-01	-1.0738552e-02	+1.4050898e-02	
-6.2023731e-02	-3.3125069e-02	-3.8183649e-02	+1.7191422e-02	+4.6011773e-03	-1.0738552e-02	+2.6802197e-02	-2.3149383e-03	
-1.9571764e-02	-3.7573146e-03	-2.2628334e-02	+1.1744091e-02	+3.5570091e-03	+1.4050898e-02	-2.3149383e-03	+1.7539177e-03	
#P-wave
1	8	
49.98900000	20.50900000	8.58050000	3.63010000	1.54650000	0.66194000	0.28424000	0.12235000	
-1.0238934e+00	-8.2443440e-03	+1.1611544e-02	+3.9507721e-04	-4.6289110e-04	-1.4439934e-01	-7.4348254e-01	+1.1679496e-01	
-8.2443440e-03	-4.6845471e-02	-1.0751438e-03	+3.2574978e-02	-6.5228796e-03	+6.5013529e-04	+4.1007091e-02	-7.8741264e-03	
+1.1611544e-02	-1.0751438e-03	-5.7157904e-02	+3.5060760e-03	+2.3877854e-03	-7.6482582e-03	+4.9918781e-02	-6.4724657e-03	
+3.9507721e-04	+3.2574978e-02	+3.5060760e-03	-3.1240527e-02	-3.2793561e-02	-1.4012342e-03	-1.7480298e-02	-3.2387034e-03	
-4.6289110e-04	-6.5228796e-03	+2.3877854e-03	-3.2793561e-02	+6.5165340e-02	-2.4604487e-02	-5.6876890e-04	+3.2170002e-03	
-1.4439934e-01	+6.5013529e-04	-7.6482582e-03	-1.4012342e-03	-2.4604487e-02	+6.5340857e-02	-1.7203122e-02	-3.0686863e-03	
-7.4348254e-01	+4.1007091e-02	+4.9918781e-02	-1.7480298e-02	-5.6876890e-04	-1.7203122e-02	+2.8542348e-01	+3.2081746e-02	
+1.1679496e-01	-7.8741264e-03	-6.4724657e-03	-3.2387034e-03	+3.2170002e-03	-3.0686863e-03	+3.2081746e-02	-9.1328582e-03	
#D-wave
2	4	
4.32880000	1.77420000	0.72719000	0.29805000	
-1.5606288e-01	-1.7364046e-03	+7.2280280e-04	-2.3834022e-03	
-1.7364046e-03	+1.3595339e-02	+2.4307938e-03	+9.3598056e-04	
+7.2280280e-04	+2.4307938e-03	+1.2757197e-02	+2.3712302e-03	
-2.3834022e-03	+9.3598056e-04	+2.3712302e-03	-3.7214990e-04	