+1.213e+00      -3.765e-01      +1.629e-01      -6.308e-02      +6.079e-03      +1.576e-03 
-3.765e-01      +1.383e+00      -4.383e-01      +1.738e-01      -1.993e-02      -4.628e-03 
+1.629e-01      -4.383e-01      +1.243e+00      -7.893e-01      +1.358e-01      -1.556e-02 
-6.308e-02      +1.738e-01      -7.893e-01      +1.790e+00      -5.359e-01      +8.479e-02 
+6.079e-03      -1.993e-02      +1.358e-01      -5.359e-01      +1.053e+00      -1.486e-01 
+1.576e-03      -4.628e-03      -1.556e-02      +8.479e-02      -1.486e-01      +1.374e-01 
