0.000028  	 0.999982 	  0.000002 	  0.000016 	 
0.000111  	 0.998681 	  0.001312 	  0.000006 	 
0.000250  	 0.995541 	  0.004391 	  0.000068 	 
0.000444  	 0.990350 	  0.009371 	  0.000280 	 
0.000694  	 0.982597 	  0.016773 	  0.000630 	 
0.001000  	 0.971527 	  0.027295 	  0.001178 	 
0.001361  	 0.956130 	  0.041855 	  0.002015 	 
0.001778  	 0.935076 	  0.061659 	  0.003266 	 
0.002250  	 0.906656 	  0.088240 	  0.005104 	 
0.002778  	 0.868722 	  0.123496 	  0.007782 	 
0.003361  	 0.818664 	  0.169682 	  0.011654 	 
0.004000  	 0.753508 	  0.229296 	  0.017196 	 
0.004694  	 0.670330 	  0.304659 	  0.025011 	 
0.005444  	 0.567276 	  0.396951 	  0.035773 	 
0.006250  	 0.445473 	  0.504456 	  0.050071 	 
0.007111  	 0.311749 	  0.620191 	  0.068059 	 
0.008028  	 0.180797 	  0.730231 	  0.088971 	 
0.009000  	 0.073826 	  0.815377 	  0.110797 	 
0.010028  	 0.011367 	  0.857984 	  0.130648 	 
0.011111  	 0.003390 	  0.850698 	  0.145912 	 
0.012250  	 0.044833 	  0.799784 	  0.155383 	 
0.013444  	 0.120248 	  0.720288 	  0.159465 	 
0.014694  	 0.212290 	  0.628194 	  0.159516 	 
0.016000  	 0.307465 	  0.535476 	  0.157059 	 
0.017361  	 0.397559 	  0.449109 	  0.153332 	 
0.018778  	 0.478620 	  0.372202 	  0.149179 	 
0.020250  	 0.549393 	  0.305503 	  0.145104 	 
0.021778  	 0.610070 	  0.248550 	  0.141379 	 
0.023361  	 0.661491 	  0.200378 	  0.138131 	 
0.025000  	 0.704713 	  0.159885 	  0.135402 	 
0.026694  	 0.740790 	  0.126020 	  0.133190 	 
0.028444  	 0.770688 	  0.097840 	  0.131472 	 
0.030250  	 0.795249 	  0.074539 	  0.130212 	 
0.032111  	 0.815193 	  0.055432 	  0.129374 	 
0.034028  	 0.831132 	  0.039943 	  0.128925 	 
0.036000  	 0.843580 	  0.027587 	  0.128833 	 
0.038028  	 0.852975 	  0.017955 	  0.129070 	 
0.040111  	 0.859688 	  0.010699 	  0.129612 	 
0.042250  	 0.864040 	  0.005520 	  0.130440 	 
0.044444  	 0.866303 	  0.002161 	  0.131536 	 
0.046694  	 0.866716 	  0.000397 	  0.132888 	 
0.049000  	 0.865487 	  0.000030 	  0.134483 	 
0.051361  	 0.862800 	  0.000887 	  0.136312 	 
0.053778  	 0.858816 	  0.002813 	  0.138370 	 
0.056250  	 0.853679 	  0.005670 	  0.140651 	 
0.058778  	 0.847518 	  0.009331 	  0.143151 	 
0.061361  	 0.840445 	  0.013687 	  0.145868 	 
0.064000  	 0.832565 	  0.018634 	  0.148801 	 
0.066694  	 0.823970 	  0.024082 	  0.151948 	 
0.069444  	 0.814742 	  0.029946 	  0.155312 	 
0.072250  	 0.804956 	  0.036151 	  0.158893 	 
0.075111  	 0.794679 	  0.042629 	  0.162692 	 
0.078028  	 0.783972 	  0.049317 	  0.166711 	 
0.081000  	 0.772888 	  0.056158 	  0.170954 	 
0.084028  	 0.761477 	  0.063101 	  0.175422 	 
0.087111  	 0.749783 	  0.070099 	  0.180119 	 
0.090250  	 0.737844 	  0.077109 	  0.185047 	 
0.093444  	 0.725698 	  0.084093 	  0.190209 	 
0.096694  	 0.713374 	  0.091018 	  0.195608 	 
0.100000  	 0.700903 	  0.097850 	  0.201247 	 
0.103361  	 0.688309 	  0.104562 	  0.207129 	 
0.106778  	 0.675616 	  0.111130 	  0.213254 	 
0.110250  	 0.662846 	  0.117529 	  0.219625 	 
0.113778  	 0.650016 	  0.123741 	  0.226243 	 
0.117361  	 0.637145 	  0.129746 	  0.233109 	 
0.121000  	 0.624248 	  0.135530 	  0.240222 	 
0.124694  	 0.611341 	  0.141078 	  0.247582 	 
0.128444  	 0.598435 	  0.146378 	  0.255187 	 
0.132250  	 0.585545 	  0.151420 	  0.263034 	 
0.136111  	 0.572683 	  0.156196 	  0.271121 	 
0.140028  	 0.559859 	  0.160699 	  0.279442 	 
0.144000  	 0.547085 	  0.164922 	  0.287992 	 
0.148028  	 0.534372 	  0.168863 	  0.296765 	 
0.152111  	 0.521731 	  0.172518 	  0.305752 	 
0.156250  	 0.509171 	  0.175886 	  0.314944 	 
0.160444  	 0.496703 	  0.178967 	  0.324330 	 
0.164694  	 0.484338 	  0.181762 	  0.333900 	 
0.169000  	 0.472086 	  0.184274 	  0.343640 	 
0.173361  	 0.459958 	  0.186508 	  0.353535 	 
0.177778  	 0.447964 	  0.188467 	  0.363570 	 
0.182250  	 0.436115 	  0.190157 	  0.373728 	 
0.186778  	 0.424422 	  0.191587 	  0.383991 	 
0.191361  	 0.412895 	  0.192765 	  0.394340 	 
0.196000  	 0.401546 	  0.193700 	  0.404754 	 
0.200694  	 0.390385 	  0.194401 	  0.415213 	 
0.205444  	 0.379423 	  0.194882 	  0.425695 	 
0.210250  	 0.368670 	  0.195153 	  0.436178 	 
0.215111  	 0.358135 	  0.195227 	  0.446637 	 
0.220028  	 0.347830 	  0.195119 	  0.457051 	 
0.225000  	 0.337763 	  0.194842 	  0.467395 	 
0.230028  	 0.327943 	  0.194411 	  0.477646 	 
0.235111  	 0.318379 	  0.193840 	  0.487781 	 
0.240250  	 0.309077 	  0.193146 	  0.497777 	 
0.245444  	 0.300045 	  0.192344 	  0.507611 	 
0.250694  	 0.291289 	  0.191449 	  0.517263 	 
0.256000  	 0.282813 	  0.190476 	  0.526710 	 
0.261361  	 0.274623 	  0.189442 	  0.535935 	 
0.266778  	 0.266722 	  0.188361 	  0.544917 	 
0.272250  	 0.259111 	  0.187248 	  0.553641 	 
0.277778  	 0.251793 	  0.186117 	  0.562090 	 
0.283361  	 0.244768 	  0.184982 	  0.570250 	 
0.289000  	 0.238035 	  0.183856 	  0.578109 	 
0.294694  	 0.231593 	  0.182752 	  0.585655 	 
0.300444  	 0.225439 	  0.181681 	  0.592880 	 
0.306250  	 0.219570 	  0.180655 	  0.599776 	 
0.312111  	 0.213982 	  0.179682 	  0.606337 	 
0.318028  	 0.208669 	  0.178773 	  0.612558 	 
0.324000  	 0.203626 	  0.177935 	  0.618438 	 
0.330028  	 0.198848 	  0.177177 	  0.623976 	 
0.336111  	 0.194325 	  0.176504 	  0.629171 	 
0.342250  	 0.190052 	  0.175923 	  0.634025 	 
0.348444  	 0.186020 	  0.175437 	  0.638543 	 
0.354694  	 0.182220 	  0.175052 	  0.642728 	 
0.361000  	 0.178645 	  0.174770 	  0.646585 	 
0.367361  	 0.175284 	  0.174594 	  0.650123 	 
0.373778  	 0.172129 	  0.174524 	  0.653347 	 
0.380250  	 0.169171 	  0.174563 	  0.656266 	 
0.386778  	 0.166399 	  0.174711 	  0.658889 	 
0.393361  	 0.163806 	  0.174967 	  0.661227 	 
0.400000  	 0.161381 	  0.175331 	  0.663287 	 
0.406694  	 0.159116 	  0.175802 	  0.665083 	 
0.413444  	 0.157000 	  0.176377 	  0.666623 	 
0.420250  	 0.155026 	  0.177055 	  0.667919 	 
0.427111  	 0.153185 	  0.177834 	  0.668982 	 
0.434028  	 0.151468 	  0.178710 	  0.669823 	 
0.441000  	 0.149866 	  0.179681 	  0.670453 	 
0.448028  	 0.148373 	  0.180743 	  0.670884 	 
0.455111  	 0.146980 	  0.181895 	  0.671126 	 
0.462250  	 0.145680 	  0.183131 	  0.671190 	 
0.469444  	 0.144466 	  0.184448 	  0.671086 	 
0.476694  	 0.143331 	  0.185843 	  0.670826 	 
0.484000  	 0.142269 	  0.187312 	  0.670419 	 
0.491361  	 0.141274 	  0.188852 	  0.669874 	 
0.498778  	 0.140339 	  0.190459 	  0.669202 	 
0.506250  	 0.139460 	  0.192128 	  0.668412 	 
0.513778  	 0.138632 	  0.193857 	  0.667511 	 
0.521361  	 0.137849 	  0.195641 	  0.666510 	 
0.529000  	 0.137106 	  0.197478 	  0.665415 	 
0.536694  	 0.136401 	  0.199364 	  0.664235 	 
0.544444  	 0.135727 	  0.201295 	  0.662978 	 
0.552250  	 0.135083 	  0.203268 	  0.661649 	 
0.560111  	 0.134464 	  0.205280 	  0.660256 	 
0.568028  	 0.133867 	  0.207328 	  0.658806 	 
0.576000  	 0.133288 	  0.209408 	  0.657303 	 
0.584028  	 0.132726 	  0.211519 	  0.655755 	 
0.592111  	 0.132178 	  0.213657 	  0.654166 	 
0.600250  	 0.131641 	  0.215819 	  0.652541 	 
0.608444  	 0.131112 	  0.218002 	  0.650885 	 
0.616694  	 0.130591 	  0.220206 	  0.649204 	 
0.625000  	 0.130074 	  0.222426 	  0.647500 	 
0.633361  	 0.129561 	  0.224661 	  0.645778 	 
0.641778  	 0.129049 	  0.226909 	  0.644042 	 
0.650250  	 0.128538 	  0.229167 	  0.642295 	 
0.658778  	 0.128026 	  0.231434 	  0.640540 	 
0.667361  	 0.127511 	  0.233708 	  0.638781 	 
0.676000  	 0.126993 	  0.235986 	  0.637020 	 
0.684694  	 0.126471 	  0.238269 	  0.635261 	 
0.693444  	 0.125943 	  0.240553 	  0.633504 	 
0.702250  	 0.125410 	  0.242837 	  0.631753 	 
0.711111  	 0.124870 	  0.245120 	  0.630010 	 
0.720028  	 0.124323 	  0.247401 	  0.628276 	 
0.729000  	 0.123768 	  0.249678 	  0.626554 	 
0.738028  	 0.123205 	  0.251950 	  0.624845 	 
0.747111  	 0.122633 	  0.254217 	  0.623150 	 
0.756250  	 0.122052 	  0.256476 	  0.621472 	 
0.765444  	 0.121462 	  0.258727 	  0.619811 	 
0.774694  	 0.120862 	  0.260970 	  0.618168 	 
0.784000  	 0.120253 	  0.263202 	  0.616545 	 
0.793361  	 0.119634 	  0.265424 	  0.614943 	 
0.802778  	 0.119004 	  0.267634 	  0.613361 	 
0.812250  	 0.118365 	  0.269833 	  0.611802 	 
0.821778  	 0.117715 	  0.272018 	  0.610266 	 
0.831361  	 0.117055 	  0.274191 	  0.608754 	 
0.841000  	 0.116386 	  0.276349 	  0.607265 	 
0.850694  	 0.115706 	  0.278493 	  0.605802 	 
0.860444  	 0.115016 	  0.280621 	  0.604363 	 
0.870250  	 0.114316 	  0.282735 	  0.602950 	 
0.880111  	 0.113606 	  0.284832 	  0.601562 	 
0.890028  	 0.112886 	  0.286913 	  0.600201 	 
0.900000  	 0.112157 	  0.288977 	  0.598866 	 
0.910028  	 0.111418 	  0.291025 	  0.597557 	 
0.920111  	 0.110670 	  0.293055 	  0.596275 	 
0.930250  	 0.109913 	  0.295067 	  0.595020 	 
0.940444  	 0.109147 	  0.297061 	  0.593792 	 
0.950694  	 0.108372 	  0.299037 	  0.592591 	 
0.961000  	 0.107589 	  0.300995 	  0.591416 	 
0.971361  	 0.106797 	  0.302934 	  0.590269 	 
0.981778  	 0.105997 	  0.304855 	  0.589148 	 
0.992250  	 0.105189 	  0.306756 	  0.588055 	 
1.002778  	 0.104373 	  0.308639 	  0.586988 	 
1.013361  	 0.103550 	  0.310502 	  0.585948 	 
1.024000  	 0.102720 	  0.312346 	  0.584934 	 
1.034694  	 0.101883 	  0.314170 	  0.583947 	 
1.045444  	 0.101039 	  0.315975 	  0.582987 	 
1.056250  	 0.100188 	  0.317760 	  0.582052 	 
1.067111  	 0.099331 	  0.319526 	  0.581144 	 
1.078028  	 0.098468 	  0.321271 	  0.580261 	 
1.089000  	 0.097599 	  0.322997 	  0.579404 	 
1.100028  	 0.096724 	  0.324703 	  0.578573 	 
1.111111  	 0.095845 	  0.326389 	  0.577766 	 
1.122250  	 0.094960 	  0.328055 	  0.576985 	 
1.133444  	 0.094070 	  0.329701 	  0.576229 	 
1.144694  	 0.093176 	  0.331327 	  0.575497 	 
1.156000  	 0.092277 	  0.332933 	  0.574790 	 
1.167361  	 0.091374 	  0.334519 	  0.574107 	 
1.178778  	 0.090467 	  0.336085 	  0.573448 	 
1.190250  	 0.089557 	  0.337631 	  0.572812 	 
1.201778  	 0.088643 	  0.339157 	  0.572200 	 
1.213361  	 0.087726 	  0.340663 	  0.571611 	 
1.225000  	 0.086806 	  0.342149 	  0.571045 	 
1.236694  	 0.085883 	  0.343615 	  0.570501 	 
1.248444  	 0.084958 	  0.345061 	  0.569980 	 
1.260250  	 0.084031 	  0.346488 	  0.569482 	 
1.272111  	 0.083101 	  0.347894 	  0.569005 	 
1.284028  	 0.082170 	  0.349281 	  0.568550 	 
1.296000  	 0.081237 	  0.350648 	  0.568116 	 
1.308028  	 0.080302 	  0.351995 	  0.567703 	 
1.320111  	 0.079366 	  0.353322 	  0.567312 	 
1.332250  	 0.078430 	  0.354629 	  0.566941 	 
1.344444  	 0.077492 	  0.355917 	  0.566590 	 
1.356694  	 0.076554 	  0.357186 	  0.566260 	 
1.369000  	 0.075616 	  0.358434 	  0.565950 	 
1.381361  	 0.074677 	  0.359664 	  0.565659 	 
1.393778  	 0.073739 	  0.360873 	  0.565388 	 
1.406250  	 0.072801 	  0.362064 	  0.565136 	 
1.418778  	 0.071863 	  0.363235 	  0.564903 	 
1.431361  	 0.070925 	  0.364386 	  0.564689 	 
1.444000  	 0.069989 	  0.365518 	  0.564493 	 
1.456694  	 0.069053 	  0.366631 	  0.564315 	 
1.469444  	 0.068119 	  0.367725 	  0.564156 	 
1.482250  	 0.067186 	  0.368800 	  0.564015 	 
1.495111  	 0.066254 	  0.369855 	  0.563891 	 
1.508028  	 0.065324 	  0.370891 	  0.563784 	 
1.521000  	 0.064396 	  0.371909 	  0.563695 	 
1.534028  	 0.063470 	  0.372907 	  0.563623 	 
1.547111  	 0.062546 	  0.373886 	  0.563567 	 
1.560250  	 0.061625 	  0.374847 	  0.563528 	 
1.573444  	 0.060706 	  0.375788 	  0.563506 	 
1.586694  	 0.059789 	  0.376711 	  0.563499 	 
1.600000  	 0.058876 	  0.377615 	  0.563509 	 
1.613361  	 0.057965 	  0.378500 	  0.563535 	 
1.626778  	 0.057058 	  0.379367 	  0.563576 	 
1.640250  	 0.056153 	  0.380214 	  0.563632 	 
1.653778  	 0.055252 	  0.381044 	  0.563704 	 
1.667361  	 0.054355 	  0.381854 	  0.563791 	 
1.681000  	 0.053461 	  0.382646 	  0.563893 	 
1.694694  	 0.052571 	  0.383419 	  0.564010 	 
1.708444  	 0.051685 	  0.384174 	  0.564141 	 
1.722250  	 0.050803 	  0.384910 	  0.564287 	 
1.736111  	 0.049925 	  0.385627 	  0.564448 	 
1.750028  	 0.049051 	  0.386327 	  0.564622 	 
1.764000  	 0.048182 	  0.387007 	  0.564811 	 
1.778028  	 0.047317 	  0.387669 	  0.565014 	 
1.792111  	 0.046456 	  0.388313 	  0.565231 	 
1.806250  	 0.045601 	  0.388938 	  0.565461 	 
1.820444  	 0.044750 	  0.389544 	  0.565705 	 
1.834694  	 0.043904 	  0.390133 	  0.565963 	 
1.849000  	 0.043063 	  0.390702 	  0.566235 	 
1.863361  	 0.042227 	  0.391253 	  0.566520 	 
1.877778  	 0.041396 	  0.391785 	  0.566819 	 
1.892250  	 0.040571 	  0.392298 	  0.567131 	 
1.906778  	 0.039750 	  0.392793 	  0.567457 	 
1.921361  	 0.038935 	  0.393269 	  0.567796 	 
1.936000  	 0.038125 	  0.393725 	  0.568149 	 
1.950694  	 0.037321 	  0.394163 	  0.568516 	 
1.965444  	 0.036523 	  0.394582 	  0.568895 	 
1.980250  	 0.035729 	  0.394982 	  0.569289 	 
1.995111  	 0.034942 	  0.395362 	  0.569697 	 
2.010028  	 0.034160 	  0.395722 	  0.570118 	 
2.025000  	 0.033384 	  0.396062 	  0.570554 	 
2.040028  	 0.032613 	  0.396383 	  0.571004 	 
2.055111  	 0.031848 	  0.396684 	  0.571468 	 
2.070250  	 0.031089 	  0.396963 	  0.571948 	 
2.085444  	 0.030335 	  0.397222 	  0.572443 	 
2.100694  	 0.029588 	  0.397459 	  0.572953 	 
2.116000  	 0.028845 	  0.397676 	  0.573479 	 
2.131361  	 0.028108 	  0.397871 	  0.574021 	 
2.146778  	 0.027378 	  0.398042 	  0.574580 	 
2.162250  	 0.026653 	  0.398190 	  0.575157 	 
2.177778  	 0.025934 	  0.398315 	  0.575752 	 
2.193361  	 0.025219 	  0.398417 	  0.576364 	 
2.209000  	 0.024510 	  0.398494 	  0.576996 	 
2.224694  	 0.023807 	  0.398545 	  0.577648 	 
2.240444  	 0.023110 	  0.398567 	  0.578323 	 
2.256250  	 0.022418 	  0.398563 	  0.579019 	 
2.272111  	 0.021730 	  0.398532 	  0.579738 	 
2.288028  	 0.021047 	  0.398474 	  0.580479 	 
2.304000  	 0.020370 	  0.398382 	  0.581248 	 
2.320028  	 0.019699 	  0.398255 	  0.582045 	 
2.336111  	 0.019033 	  0.398096 	  0.582871 	 
2.352250  	 0.018369 	  0.397905 	  0.583726 	 
2.368444  	 0.017711 	  0.397679 	  0.584610 	 
2.384694  	 0.017058 	  0.397412 	  0.585530 	 
2.401000  	 0.016412 	  0.397099 	  0.586490 	 
2.417361  	 0.015768 	  0.396743 	  0.587489 	 
2.433778  	 0.015127 	  0.396348 	  0.588525 	 
2.450250  	 0.014490 	  0.395909 	  0.589601 	 
2.466778  	 0.013860 	  0.395413 	  0.590727 	 
2.483361  	 0.013235 	  0.394857 	  0.591908 	 
